08/01 11:03:14 PM | Logger is set 
08/01 11:03:14 PM | Logger without distribution
08/01 11:03:14 PM | Logger is set 
08/01 11:03:14 PM | Logger without distribution
08/01 11:03:14 PM | Logger is set 
08/01 11:03:14 PM | Logger without distribution
08/01 11:03:14 PM | Logger is set 
08/01 11:03:14 PM | Logger without distribution
08/01 11:03:54 PM | Initializing dataset used 39.77043390274048 basic time unit
08/01 11:03:54 PM | Initializing dataset used 39.7798593044281 basic time unit
08/01 11:03:54 PM | The training classes labels length :  751
08/01 11:03:54 PM | The training classes labels length :  751
08/01 11:03:56 PM | Initializing dataset used 42.18251061439514 basic time unit
08/01 11:03:56 PM | The training classes labels length :  751
08/01 11:03:59 PM | Initializing dataset used 45.51318049430847 basic time unit
08/01 11:03:59 PM | The training classes labels length :  751
08/01 11:06:02 PM | batch loading time example is 128.26550602912903
08/01 11:06:02 PM | batch loading time example is 122.53434610366821
08/01 11:06:02 PM | batch loading time example is 125.8655526638031
08/01 11:06:02 PM | batch loading time example is 128.26627039909363
####### ALPHA #######
# Alpha - normal
####### ALPHA #######
# Alpha - normal
####### ALPHA #######
# Alpha - normal
####### ALPHA #######
# Alpha - normal
tensor([[0.1251, 0.1250, 0.1251, 0.1249, 0.1249, 0.1251, 0.1251, 0.1248],
        [0.1251, 0.1250, 0.1250, 0.1249, 0.1250, 0.1250, 0.1251, 0.1250]],
       grad_fn=<SoftmaxBackward>)
tensor([[0.1251, 0.1250, 0.1251, 0.1249, 0.1249, 0.1251, 0.1251, 0.1248],
        [0.1251, 0.1250, 0.1250, 0.1249, 0.1250, 0.1250, 0.1251, 0.1250]],
       grad_fn=<SoftmaxBackward>)
tensor([[0.1251, 0.1250, 0.1251, 0.1249, 0.1249, 0.1251, 0.1251, 0.1248],
        [0.1251, 0.1250, 0.1250, 0.1249, 0.1250, 0.1250, 0.1251, 0.1250]],
       grad_fn=<SoftmaxBackward>)
tensor([[0.1251, 0.1250, 0.1251, 0.1249, 0.1249, 0.1251, 0.1251, 0.1248],
        [0.1251, 0.1250, 0.1250, 0.1249, 0.1250, 0.1250, 0.1251, 0.1250]],
       grad_fn=<SoftmaxBackward>)
tensor([[0.1248, 0.1251, 0.1250, 0.1249, 0.1253, 0.1250, 0.1248, 0.1251],
        [0.1251, 0.1249, 0.1249, 0.1251, 0.1250, 0.1249, 0.1250, 0.1252],
        [0.1248, 0.1250, 0.1251, 0.1252, 0.1248, 0.1251, 0.1248, 0.1252]],
       grad_fn=<SoftmaxBackward>)
tensor([[0.1248, 0.1251, 0.1250, 0.1249, 0.1253, 0.1250, 0.1248, 0.1251],
        [0.1251, 0.1249, 0.1249, 0.1251, 0.1250, 0.1249, 0.1250, 0.1252],
        [0.1248, 0.1250, 0.1251, 0.1252, 0.1248, 0.1251, 0.1248, 0.1252]],
       grad_fn=<SoftmaxBackward>)
tensor([[0.1248, 0.1251, 0.1250, 0.1249, 0.1253, 0.1250, 0.1248, 0.1251],
        [0.1251, 0.1249, 0.1249, 0.1251, 0.1250, 0.1249, 0.1250, 0.1252],
        [0.1248, 0.1250, 0.1251, 0.1252, 0.1248, 0.1251, 0.1248, 0.1252]],
       grad_fn=<SoftmaxBackward>)
tensor([[0.1248, 0.1251, 0.1250, 0.1249, 0.1253, 0.1250, 0.1248, 0.1251],
        [0.1251, 0.1249, 0.1249, 0.1251, 0.1250, 0.1249, 0.1250, 0.1252],
        [0.1248, 0.1250, 0.1251, 0.1252, 0.1248, 0.1251, 0.1248, 0.1252]],
       grad_fn=<SoftmaxBackward>)
tensor([[0.1250, 0.1248, 0.1253, 0.1250, 0.1251, 0.1249, 0.1251, 0.1249],
        [0.1251, 0.1249, 0.1250, 0.1251, 0.1250, 0.1247, 0.1252, 0.1250],
        [0.1249, 0.1251, 0.1249, 0.1251, 0.1251, 0.1249, 0.1250, 0.1248],
        [0.1251, 0.1249, 0.1249, 0.1251, 0.1249, 0.1251, 0.1250, 0.1249]],
       grad_fn=<SoftmaxBackward>)
tensor([[0.1250, 0.1248, 0.1253, 0.1250, 0.1251, 0.1249, 0.1251, 0.1249],
        [0.1251, 0.1249, 0.1250, 0.1251, 0.1250, 0.1247, 0.1252, 0.1250],
        [0.1249, 0.1251, 0.1249, 0.1251, 0.1251, 0.1249, 0.1250, 0.1248],
        [0.1251, 0.1249, 0.1249, 0.1251, 0.1249, 0.1251, 0.1250, 0.1249]],
       grad_fn=<SoftmaxBackward>)
tensor([[0.1250, 0.1248, 0.1253, 0.1250, 0.1251, 0.1249, 0.1251, 0.1249],
        [0.1251, 0.1249, 0.1250, 0.1251, 0.1250, 0.1247, 0.1252, 0.1250],
        [0.1249, 0.1251, 0.1249, 0.1251, 0.1251, 0.1249, 0.1250, 0.1248],
        [0.1251, 0.1249, 0.1249, 0.1251, 0.1249, 0.1251, 0.1250, 0.1249]],
       grad_fn=<SoftmaxBackward>)
tensor([[0.1250, 0.1248, 0.1253, 0.1250, 0.1251, 0.1249, 0.1251, 0.1249],
        [0.1251, 0.1249, 0.1250, 0.1251, 0.1250, 0.1247, 0.1252, 0.1250],
        [0.1249, 0.1251, 0.1249, 0.1251, 0.1251, 0.1249, 0.1250, 0.1248],
        [0.1251, 0.1249, 0.1249, 0.1251, 0.1249, 0.1251, 0.1250, 0.1249]],
       grad_fn=<SoftmaxBackward>)
tensor([[0.1252, 0.1251, 0.1248, 0.1251, 0.1251, 0.1250, 0.1250, 0.1247],
        [0.1250, 0.1250, 0.1250, 0.1249, 0.1249, 0.1252, 0.1250, 0.1251],
        [0.1251, 0.1248, 0.1251, 0.1249, 0.1251, 0.1250, 0.1250, 0.1250],
        [0.1248, 0.1251, 0.1253, 0.1247, 0.1250, 0.1251, 0.1249, 0.1250],
        [0.1252, 0.1250, 0.1249, 0.1250, 0.1249, 0.1251, 0.1249, 0.1249]],
       grad_fn=<SoftmaxBackward>)
tensor([[0.1252, 0.1251, 0.1248, 0.1251, 0.1251, 0.1250, 0.1250, 0.1247],
        [0.1250, 0.1250, 0.1250, 0.1249, 0.1249, 0.1252, 0.1250, 0.1251],
        [0.1251, 0.1248, 0.1251, 0.1249, 0.1251, 0.1250, 0.1250, 0.1250],
        [0.1248, 0.1251, 0.1253, 0.1247, 0.1250, 0.1251, 0.1249, 0.1250],
        [0.1252, 0.1250, 0.1249, 0.1250, 0.1249, 0.1251, 0.1249, 0.1249]],
       grad_fn=<SoftmaxBackward>)
tensor([[0.1252, 0.1251, 0.1248, 0.1251, 0.1251, 0.1250, 0.1250, 0.1247],
        [0.1250, 0.1250, 0.1250, 0.1249, 0.1249, 0.1252, 0.1250, 0.1251],
        [0.1251, 0.1248, 0.1251, 0.1249, 0.1251, 0.1250, 0.1250, 0.1250],
        [0.1248, 0.1251, 0.1253, 0.1247, 0.1250, 0.1251, 0.1249, 0.1250],
        [0.1252, 0.1250, 0.1249, 0.1250, 0.1249, 0.1251, 0.1249, 0.1249]],
       grad_fn=<SoftmaxBackward>)
tensor([[0.1252, 0.1251, 0.1248, 0.1251, 0.1251, 0.1250, 0.1250, 0.1247],
        [0.1250, 0.1250, 0.1250, 0.1249, 0.1249, 0.1252, 0.1250, 0.1251],
        [0.1251, 0.1248, 0.1251, 0.1249, 0.1251, 0.1250, 0.1250, 0.1250],
        [0.1248, 0.1251, 0.1253, 0.1247, 0.1250, 0.1251, 0.1249, 0.1250],
        [0.1252, 0.1250, 0.1249, 0.1250, 0.1249, 0.1251, 0.1249, 0.1249]],
       grad_fn=<SoftmaxBackward>)

# Alpha - reduce

# Alpha - reduce

# Alpha - reduce

# Alpha - reduce
tensor([[0.1247, 0.1250, 0.1251, 0.1252, 0.1252, 0.1250, 0.1248, 0.1250],
        [0.1250, 0.1250, 0.1252, 0.1249, 0.1249, 0.1250, 0.1252, 0.1249]],
       grad_fn=<SoftmaxBackward>)
tensor([[0.1247, 0.1250, 0.1251, 0.1252, 0.1252, 0.1250, 0.1248, 0.1250],
        [0.1250, 0.1250, 0.1252, 0.1249, 0.1249, 0.1250, 0.1252, 0.1249]],
       grad_fn=<SoftmaxBackward>)
tensor([[0.1247, 0.1250, 0.1251, 0.1252, 0.1252, 0.1250, 0.1248, 0.1250],
        [0.1250, 0.1250, 0.1252, 0.1249, 0.1249, 0.1250, 0.1252, 0.1249]],
       grad_fn=<SoftmaxBackward>)
tensor([[0.1247, 0.1250, 0.1251, 0.1252, 0.1252, 0.1250, 0.1248, 0.1250],
        [0.1250, 0.1250, 0.1252, 0.1249, 0.1249, 0.1250, 0.1252, 0.1249]],
       grad_fn=<SoftmaxBackward>)
tensor([[0.1250, 0.1251, 0.1249, 0.1250, 0.1248, 0.1249, 0.1251, 0.1252],
        [0.1250, 0.1250, 0.1251, 0.1251, 0.1249, 0.1250, 0.1246, 0.1252],
        [0.1250, 0.1249, 0.1251, 0.1251, 0.1249, 0.1249, 0.1253, 0.1248]],
       grad_fn=<SoftmaxBackward>)
tensor([[0.1250, 0.1251, 0.1249, 0.1250, 0.1248, 0.1249, 0.1251, 0.1252],
        [0.1250, 0.1250, 0.1251, 0.1251, 0.1249, 0.1250, 0.1246, 0.1252],
        [0.1250, 0.1249, 0.1251, 0.1251, 0.1249, 0.1249, 0.1253, 0.1248]],
       grad_fn=<SoftmaxBackward>)
tensor([[0.1250, 0.1251, 0.1249, 0.1250, 0.1248, 0.1249, 0.1251, 0.1252],
        [0.1250, 0.1250, 0.1251, 0.1251, 0.1249, 0.1250, 0.1246, 0.1252],
        [0.1250, 0.1249, 0.1251, 0.1251, 0.1249, 0.1249, 0.1253, 0.1248]],
       grad_fn=<SoftmaxBackward>)
tensor([[0.1250, 0.1251, 0.1249, 0.1250, 0.1248, 0.1249, 0.1251, 0.1252],
        [0.1250, 0.1250, 0.1251, 0.1251, 0.1249, 0.1250, 0.1246, 0.1252],
        [0.1250, 0.1249, 0.1251, 0.1251, 0.1249, 0.1249, 0.1253, 0.1248]],
       grad_fn=<SoftmaxBackward>)
tensor([[0.1251, 0.1249, 0.1250, 0.1250, 0.1250, 0.1249, 0.1250, 0.1252],
        [0.1249, 0.1249, 0.1249, 0.1250, 0.1250, 0.1251, 0.1251, 0.1249],
        [0.1249, 0.1252, 0.1250, 0.1250, 0.1251, 0.1249, 0.1250, 0.1249],
        [0.1251, 0.1249, 0.1249, 0.1250, 0.1250, 0.1250, 0.1251, 0.1251]],
       grad_fn=<SoftmaxBackward>)
tensor([[0.1251, 0.1249, 0.1250, 0.1250, 0.1250, 0.1249, 0.1250, 0.1252],
        [0.1249, 0.1249, 0.1249, 0.1250, 0.1250, 0.1251, 0.1251, 0.1249],
        [0.1249, 0.1252, 0.1250, 0.1250, 0.1251, 0.1249, 0.1250, 0.1249],
        [0.1251, 0.1249, 0.1249, 0.1250, 0.1250, 0.1250, 0.1251, 0.1251]],
       grad_fn=<SoftmaxBackward>)
tensor([[0.1251, 0.1249, 0.1250, 0.1250, 0.1250, 0.1249, 0.1250, 0.1252],
        [0.1249, 0.1249, 0.1249, 0.1250, 0.1250, 0.1251, 0.1251, 0.1249],
        [0.1249, 0.1252, 0.1250, 0.1250, 0.1251, 0.1249, 0.1250, 0.1249],
        [0.1251, 0.1249, 0.1249, 0.1250, 0.1250, 0.1250, 0.1251, 0.1251]],
       grad_fn=<SoftmaxBackward>)
tensor([[0.1251, 0.1249, 0.1250, 0.1250, 0.1250, 0.1249, 0.1250, 0.1252],
        [0.1249, 0.1249, 0.1249, 0.1250, 0.1250, 0.1251, 0.1251, 0.1249],
        [0.1249, 0.1252, 0.1250, 0.1250, 0.1251, 0.1249, 0.1250, 0.1249],
        [0.1251, 0.1249, 0.1249, 0.1250, 0.1250, 0.1250, 0.1251, 0.1251]],
       grad_fn=<SoftmaxBackward>)
tensor([[0.1250, 0.1250, 0.1251, 0.1250, 0.1250, 0.1249, 0.1250, 0.1249],
        [0.1251, 0.1249, 0.1249, 0.1250, 0.1248, 0.1251, 0.1251, 0.1251],
        [0.1249, 0.1249, 0.1252, 0.1250, 0.1251, 0.1248, 0.1252, 0.1250],
        [0.1248, 0.1249, 0.1251, 0.1251, 0.1249, 0.1251, 0.1251, 0.1250],
        [0.1251, 0.1250, 0.1252, 0.1252, 0.1249, 0.1248, 0.1249, 0.1249]],
       grad_fn=<SoftmaxBackward>)
tensor([[0.1250, 0.1250, 0.1251, 0.1250, 0.1250, 0.1249, 0.1250, 0.1249],
        [0.1251, 0.1249, 0.1249, 0.1250, 0.1248, 0.1251, 0.1251, 0.1251],
        [0.1249, 0.1249, 0.1252, 0.1250, 0.1251, 0.1248, 0.1252, 0.1250],
        [0.1248, 0.1249, 0.1251, 0.1251, 0.1249, 0.1251, 0.1251, 0.1250],
        [0.1251, 0.1250, 0.1252, 0.1252, 0.1249, 0.1248, 0.1249, 0.1249]],
       grad_fn=<SoftmaxBackward>)
tensor([[0.1250, 0.1250, 0.1251, 0.1250, 0.1250, 0.1249, 0.1250, 0.1249],
        [0.1251, 0.1249, 0.1249, 0.1250, 0.1248, 0.1251, 0.1251, 0.1251],
        [0.1249, 0.1249, 0.1252, 0.1250, 0.1251, 0.1248, 0.1252, 0.1250],
        [0.1248, 0.1249, 0.1251, 0.1251, 0.1249, 0.1251, 0.1251, 0.1250],
        [0.1251, 0.1250, 0.1252, 0.1252, 0.1249, 0.1248, 0.1249, 0.1249]],
       grad_fn=<SoftmaxBackward>)
tensor([[0.1250, 0.1250, 0.1251, 0.1250, 0.1250, 0.1249, 0.1250, 0.1249],
        [0.1251, 0.1249, 0.1249, 0.1250, 0.1248, 0.1251, 0.1251, 0.1251],
        [0.1249, 0.1249, 0.1252, 0.1250, 0.1251, 0.1248, 0.1252, 0.1250],
        [0.1248, 0.1249, 0.1251, 0.1251, 0.1249, 0.1251, 0.1251, 0.1250],
        [0.1251, 0.1250, 0.1252, 0.1252, 0.1249, 0.1248, 0.1249, 0.1249]],
       grad_fn=<SoftmaxBackward>)
#####################
#####################
#####################
#####################
08/01 11:24:38 PM | Logger is set 
08/01 11:24:38 PM | Logger is set 
08/01 11:24:38 PM | Logger is set 
08/01 11:24:38 PM | Logger is set 
08/01 11:24:38 PM | Logger is set 
08/01 11:24:38 PM | Logger without distribution
08/01 11:24:38 PM | Logger without distribution
08/01 11:24:38 PM | Logger without distribution
08/01 11:24:38 PM | Logger without distribution
08/01 11:24:38 PM | Logger without distribution
08/01 11:25:14 PM | Logger is set 
08/01 11:25:14 PM | Logger without distribution
08/01 11:25:14 PM | Logger is set 
08/01 11:25:14 PM | Logger without distribution
08/01 11:25:14 PM | Logger is set 
08/01 11:25:14 PM | Logger without distribution
08/01 11:25:15 PM | Initializing dataset used 36.83268594741821 basic time unit
08/01 11:25:15 PM | Initializing dataset used 36.83566761016846 basic time unit
08/01 11:25:15 PM | Initializing dataset used 36.83890080451965 basic time unit
08/01 11:25:15 PM | Initializing dataset used 36.84212136268616 basic time unit
08/01 11:25:15 PM | Initializing dataset used 36.84599471092224 basic time unit
08/01 11:25:15 PM | The training classes labels length :  751
08/01 11:25:15 PM | The training classes labels length :  751
08/01 11:25:15 PM | The training classes labels length :  751
08/01 11:25:15 PM | The training classes labels length :  751
08/01 11:25:15 PM | The training classes labels length :  751
08/01 11:26:02 PM | Initializing dataset used 47.15193700790405 basic time unit
08/01 11:26:02 PM | Initializing dataset used 47.1551308631897 basic time unit
08/01 11:26:02 PM | Initializing dataset used 47.158377170562744 basic time unit
08/01 11:26:02 PM | The training classes labels length :  751
08/01 11:26:02 PM | The training classes labels length :  751
08/01 11:26:02 PM | The training classes labels length :  751
08/01 11:28:15 PM | batch loading time example is 179.9458200931549
08/01 11:28:15 PM | batch loading time example is 179.94820952415466
08/01 11:28:15 PM | batch loading time example is 179.9479057788849
08/01 11:28:15 PM | batch loading time example is 179.96386790275574
08/01 11:28:15 PM | batch loading time example is 179.96529912948608
####### ALPHA #######
# Alpha - normal
####### ALPHA #######
####### ALPHA #######
# Alpha - normal
# Alpha - normal
####### ALPHA #######
# Alpha - normal
####### ALPHA #######
# Alpha - normal
tensor([[0.1251, 0.1250, 0.1251, 0.1249, 0.1249, 0.1251, 0.1251, 0.1248],
        [0.1251, 0.1250, 0.1250, 0.1249, 0.1250, 0.1250, 0.1251, 0.1250]],
       grad_fn=<SoftmaxBackward>)
tensor([[0.1251, 0.1250, 0.1251, 0.1249, 0.1249, 0.1251, 0.1251, 0.1248],
        [0.1251, 0.1250, 0.1250, 0.1249, 0.1250, 0.1250, 0.1251, 0.1250]],
       grad_fn=<SoftmaxBackward>)
tensor([[0.1251, 0.1250, 0.1251, 0.1249, 0.1249, 0.1251, 0.1251, 0.1248],
        [0.1251, 0.1250, 0.1250, 0.1249, 0.1250, 0.1250, 0.1251, 0.1250]],
       grad_fn=<SoftmaxBackward>)
tensor([[0.1251, 0.1250, 0.1251, 0.1249, 0.1249, 0.1251, 0.1251, 0.1248],
        [0.1251, 0.1250, 0.1250, 0.1249, 0.1250, 0.1250, 0.1251, 0.1250]],
       grad_fn=<SoftmaxBackward>)
tensor([[0.1251, 0.1250, 0.1251, 0.1249, 0.1249, 0.1251, 0.1251, 0.1248],
        [0.1251, 0.1250, 0.1250, 0.1249, 0.1250, 0.1250, 0.1251, 0.1250]],
       grad_fn=<SoftmaxBackward>)
tensor([[0.1248, 0.1251, 0.1250, 0.1249, 0.1253, 0.1250, 0.1248, 0.1251],
        [0.1251, 0.1249, 0.1249, 0.1251, 0.1250, 0.1249, 0.1250, 0.1252],
        [0.1248, 0.1250, 0.1251, 0.1252, 0.1248, 0.1251, 0.1248, 0.1252]],
       grad_fn=<SoftmaxBackward>)
tensor([[0.1248, 0.1251, 0.1250, 0.1249, 0.1253, 0.1250, 0.1248, 0.1251],
        [0.1251, 0.1249, 0.1249, 0.1251, 0.1250, 0.1249, 0.1250, 0.1252],
        [0.1248, 0.1250, 0.1251, 0.1252, 0.1248, 0.1251, 0.1248, 0.1252]],
       grad_fn=<SoftmaxBackward>)
tensor([[0.1248, 0.1251, 0.1250, 0.1249, 0.1253, 0.1250, 0.1248, 0.1251],
        [0.1251, 0.1249, 0.1249, 0.1251, 0.1250, 0.1249, 0.1250, 0.1252],
        [0.1248, 0.1250, 0.1251, 0.1252, 0.1248, 0.1251, 0.1248, 0.1252]],
       grad_fn=<SoftmaxBackward>)
tensor([[0.1248, 0.1251, 0.1250, 0.1249, 0.1253, 0.1250, 0.1248, 0.1251],
        [0.1251, 0.1249, 0.1249, 0.1251, 0.1250, 0.1249, 0.1250, 0.1252],
        [0.1248, 0.1250, 0.1251, 0.1252, 0.1248, 0.1251, 0.1248, 0.1252]],
       grad_fn=<SoftmaxBackward>)
tensor([[0.1248, 0.1251, 0.1250, 0.1249, 0.1253, 0.1250, 0.1248, 0.1251],
        [0.1251, 0.1249, 0.1249, 0.1251, 0.1250, 0.1249, 0.1250, 0.1252],
        [0.1248, 0.1250, 0.1251, 0.1252, 0.1248, 0.1251, 0.1248, 0.1252]],
       grad_fn=<SoftmaxBackward>)
tensor([[0.1250, 0.1248, 0.1253, 0.1250, 0.1251, 0.1249, 0.1251, 0.1249],
        [0.1251, 0.1249, 0.1250, 0.1251, 0.1250, 0.1247, 0.1252, 0.1250],
        [0.1249, 0.1251, 0.1249, 0.1251, 0.1251, 0.1249, 0.1250, 0.1248],
        [0.1251, 0.1249, 0.1249, 0.1251, 0.1249, 0.1251, 0.1250, 0.1249]],
       grad_fn=<SoftmaxBackward>)
tensor([[0.1250, 0.1248, 0.1253, 0.1250, 0.1251, 0.1249, 0.1251, 0.1249],
        [0.1251, 0.1249, 0.1250, 0.1251, 0.1250, 0.1247, 0.1252, 0.1250],
        [0.1249, 0.1251, 0.1249, 0.1251, 0.1251, 0.1249, 0.1250, 0.1248],
        [0.1251, 0.1249, 0.1249, 0.1251, 0.1249, 0.1251, 0.1250, 0.1249]],
       grad_fn=<SoftmaxBackward>)
tensor([[0.1250, 0.1248, 0.1253, 0.1250, 0.1251, 0.1249, 0.1251, 0.1249],
        [0.1251, 0.1249, 0.1250, 0.1251, 0.1250, 0.1247, 0.1252, 0.1250],
        [0.1249, 0.1251, 0.1249, 0.1251, 0.1251, 0.1249, 0.1250, 0.1248],
        [0.1251, 0.1249, 0.1249, 0.1251, 0.1249, 0.1251, 0.1250, 0.1249]],
       grad_fn=<SoftmaxBackward>)
tensor([[0.1250, 0.1248, 0.1253, 0.1250, 0.1251, 0.1249, 0.1251, 0.1249],
        [0.1251, 0.1249, 0.1250, 0.1251, 0.1250, 0.1247, 0.1252, 0.1250],
        [0.1249, 0.1251, 0.1249, 0.1251, 0.1251, 0.1249, 0.1250, 0.1248],
        [0.1251, 0.1249, 0.1249, 0.1251, 0.1249, 0.1251, 0.1250, 0.1249]],
       grad_fn=<SoftmaxBackward>)
tensor([[0.1250, 0.1248, 0.1253, 0.1250, 0.1251, 0.1249, 0.1251, 0.1249],
        [0.1251, 0.1249, 0.1250, 0.1251, 0.1250, 0.1247, 0.1252, 0.1250],
        [0.1249, 0.1251, 0.1249, 0.1251, 0.1251, 0.1249, 0.1250, 0.1248],
        [0.1251, 0.1249, 0.1249, 0.1251, 0.1249, 0.1251, 0.1250, 0.1249]],
       grad_fn=<SoftmaxBackward>)
tensor([[0.1252, 0.1251, 0.1248, 0.1251, 0.1251, 0.1250, 0.1250, 0.1247],
        [0.1250, 0.1250, 0.1250, 0.1249, 0.1249, 0.1252, 0.1250, 0.1251],
        [0.1251, 0.1248, 0.1251, 0.1249, 0.1251, 0.1250, 0.1250, 0.1250],
        [0.1248, 0.1251, 0.1253, 0.1247, 0.1250, 0.1251, 0.1249, 0.1250],
        [0.1252, 0.1250, 0.1249, 0.1250, 0.1249, 0.1251, 0.1249, 0.1249]],
       grad_fn=<SoftmaxBackward>)
tensor([[0.1252, 0.1251, 0.1248, 0.1251, 0.1251, 0.1250, 0.1250, 0.1247],
        [0.1250, 0.1250, 0.1250, 0.1249, 0.1249, 0.1252, 0.1250, 0.1251],
        [0.1251, 0.1248, 0.1251, 0.1249, 0.1251, 0.1250, 0.1250, 0.1250],
        [0.1248, 0.1251, 0.1253, 0.1247, 0.1250, 0.1251, 0.1249, 0.1250],
        [0.1252, 0.1250, 0.1249, 0.1250, 0.1249, 0.1251, 0.1249, 0.1249]],
       grad_fn=<SoftmaxBackward>)
tensor([[0.1252, 0.1251, 0.1248, 0.1251, 0.1251, 0.1250, 0.1250, 0.1247],
        [0.1250, 0.1250, 0.1250, 0.1249, 0.1249, 0.1252, 0.1250, 0.1251],
        [0.1251, 0.1248, 0.1251, 0.1249, 0.1251, 0.1250, 0.1250, 0.1250],
        [0.1248, 0.1251, 0.1253, 0.1247, 0.1250, 0.1251, 0.1249, 0.1250],
        [0.1252, 0.1250, 0.1249, 0.1250, 0.1249, 0.1251, 0.1249, 0.1249]],
       grad_fn=<SoftmaxBackward>)
tensor([[0.1252, 0.1251, 0.1248, 0.1251, 0.1251, 0.1250, 0.1250, 0.1247],
        [0.1250, 0.1250, 0.1250, 0.1249, 0.1249, 0.1252, 0.1250, 0.1251],
        [0.1251, 0.1248, 0.1251, 0.1249, 0.1251, 0.1250, 0.1250, 0.1250],
        [0.1248, 0.1251, 0.1253, 0.1247, 0.1250, 0.1251, 0.1249, 0.1250],
        [0.1252, 0.1250, 0.1249, 0.1250, 0.1249, 0.1251, 0.1249, 0.1249]],
       grad_fn=<SoftmaxBackward>)

# Alpha - reduce

# Alpha - reduce

# Alpha - reduce

# Alpha - reduce
tensor([[0.1247, 0.1250, 0.1251, 0.1252, 0.1252, 0.1250, 0.1248, 0.1250],
        [0.1250, 0.1250, 0.1252, 0.1249, 0.1249, 0.1250, 0.1252, 0.1249]],
       grad_fn=<SoftmaxBackward>)
tensor([[0.1247, 0.1250, 0.1251, 0.1252, 0.1252, 0.1250, 0.1248, 0.1250],
        [0.1250, 0.1250, 0.1252, 0.1249, 0.1249, 0.1250, 0.1252, 0.1249]],
       grad_fn=<SoftmaxBackward>)
tensor([[0.1252, 0.1251, 0.1248, 0.1251, 0.1251, 0.1250, 0.1250, 0.1247],
        [0.1250, 0.1250, 0.1250, 0.1249, 0.1249, 0.1252, 0.1250, 0.1251],
        [0.1251, 0.1248, 0.1251, 0.1249, 0.1251, 0.1250, 0.1250, 0.1250],
        [0.1248, 0.1251, 0.1253, 0.1247, 0.1250, 0.1251, 0.1249, 0.1250],
        [0.1252, 0.1250, 0.1249, 0.1250, 0.1249, 0.1251, 0.1249, 0.1249]],
       grad_fn=<SoftmaxBackward>)
tensor([[0.1247, 0.1250, 0.1251, 0.1252, 0.1252, 0.1250, 0.1248, 0.1250],
        [0.1250, 0.1250, 0.1252, 0.1249, 0.1249, 0.1250, 0.1252, 0.1249]],
       grad_fn=<SoftmaxBackward>)
tensor([[0.1247, 0.1250, 0.1251, 0.1252, 0.1252, 0.1250, 0.1248, 0.1250],
        [0.1250, 0.1250, 0.1252, 0.1249, 0.1249, 0.1250, 0.1252, 0.1249]],
       grad_fn=<SoftmaxBackward>)
tensor([[0.1250, 0.1251, 0.1249, 0.1250, 0.1248, 0.1249, 0.1251, 0.1252],
        [0.1250, 0.1250, 0.1251, 0.1251, 0.1249, 0.1250, 0.1246, 0.1252],
        [0.1250, 0.1249, 0.1251, 0.1251, 0.1249, 0.1249, 0.1253, 0.1248]],
       grad_fn=<SoftmaxBackward>)
tensor([[0.1250, 0.1251, 0.1249, 0.1250, 0.1248, 0.1249, 0.1251, 0.1252],
        [0.1250, 0.1250, 0.1251, 0.1251, 0.1249, 0.1250, 0.1246, 0.1252],
        [0.1250, 0.1249, 0.1251, 0.1251, 0.1249, 0.1249, 0.1253, 0.1248]],
       grad_fn=<SoftmaxBackward>)
tensor([[0.1250, 0.1251, 0.1249, 0.1250, 0.1248, 0.1249, 0.1251, 0.1252],
        [0.1250, 0.1250, 0.1251, 0.1251, 0.1249, 0.1250, 0.1246, 0.1252],
        [0.1250, 0.1249, 0.1251, 0.1251, 0.1249, 0.1249, 0.1253, 0.1248]],
       grad_fn=<SoftmaxBackward>)
tensor([[0.1250, 0.1251, 0.1249, 0.1250, 0.1248, 0.1249, 0.1251, 0.1252],
        [0.1250, 0.1250, 0.1251, 0.1251, 0.1249, 0.1250, 0.1246, 0.1252],
        [0.1250, 0.1249, 0.1251, 0.1251, 0.1249, 0.1249, 0.1253, 0.1248]],
       grad_fn=<SoftmaxBackward>)

# Alpha - reduce
tensor([[0.1251, 0.1249, 0.1250, 0.1250, 0.1250, 0.1249, 0.1250, 0.1252],
        [0.1249, 0.1249, 0.1249, 0.1250, 0.1250, 0.1251, 0.1251, 0.1249],
        [0.1249, 0.1252, 0.1250, 0.1250, 0.1251, 0.1249, 0.1250, 0.1249],
        [0.1251, 0.1249, 0.1249, 0.1250, 0.1250, 0.1250, 0.1251, 0.1251]],
       grad_fn=<SoftmaxBackward>)
tensor([[0.1251, 0.1249, 0.1250, 0.1250, 0.1250, 0.1249, 0.1250, 0.1252],
        [0.1249, 0.1249, 0.1249, 0.1250, 0.1250, 0.1251, 0.1251, 0.1249],
        [0.1249, 0.1252, 0.1250, 0.1250, 0.1251, 0.1249, 0.1250, 0.1249],
        [0.1251, 0.1249, 0.1249, 0.1250, 0.1250, 0.1250, 0.1251, 0.1251]],
       grad_fn=<SoftmaxBackward>)
tensor([[0.1247, 0.1250, 0.1251, 0.1252, 0.1252, 0.1250, 0.1248, 0.1250],
        [0.1250, 0.1250, 0.1252, 0.1249, 0.1249, 0.1250, 0.1252, 0.1249]],
       grad_fn=<SoftmaxBackward>)
tensor([[0.1251, 0.1249, 0.1250, 0.1250, 0.1250, 0.1249, 0.1250, 0.1252],
        [0.1249, 0.1249, 0.1249, 0.1250, 0.1250, 0.1251, 0.1251, 0.1249],
        [0.1249, 0.1252, 0.1250, 0.1250, 0.1251, 0.1249, 0.1250, 0.1249],
        [0.1251, 0.1249, 0.1249, 0.1250, 0.1250, 0.1250, 0.1251, 0.1251]],
       grad_fn=<SoftmaxBackward>)
tensor([[0.1251, 0.1249, 0.1250, 0.1250, 0.1250, 0.1249, 0.1250, 0.1252],
        [0.1249, 0.1249, 0.1249, 0.1250, 0.1250, 0.1251, 0.1251, 0.1249],
        [0.1249, 0.1252, 0.1250, 0.1250, 0.1251, 0.1249, 0.1250, 0.1249],
        [0.1251, 0.1249, 0.1249, 0.1250, 0.1250, 0.1250, 0.1251, 0.1251]],
       grad_fn=<SoftmaxBackward>)
tensor([[0.1250, 0.1250, 0.1251, 0.1250, 0.1250, 0.1249, 0.1250, 0.1249],
        [0.1251, 0.1249, 0.1249, 0.1250, 0.1248, 0.1251, 0.1251, 0.1251],
        [0.1249, 0.1249, 0.1252, 0.1250, 0.1251, 0.1248, 0.1252, 0.1250],
        [0.1248, 0.1249, 0.1251, 0.1251, 0.1249, 0.1251, 0.1251, 0.1250],
        [0.1251, 0.1250, 0.1252, 0.1252, 0.1249, 0.1248, 0.1249, 0.1249]],
       grad_fn=<SoftmaxBackward>)
tensor([[0.1250, 0.1250, 0.1251, 0.1250, 0.1250, 0.1249, 0.1250, 0.1249],
        [0.1251, 0.1249, 0.1249, 0.1250, 0.1248, 0.1251, 0.1251, 0.1251],
        [0.1249, 0.1249, 0.1252, 0.1250, 0.1251, 0.1248, 0.1252, 0.1250],
        [0.1248, 0.1249, 0.1251, 0.1251, 0.1249, 0.1251, 0.1251, 0.1250],
        [0.1251, 0.1250, 0.1252, 0.1252, 0.1249, 0.1248, 0.1249, 0.1249]],
       grad_fn=<SoftmaxBackward>)
tensor([[0.1250, 0.1251, 0.1249, 0.1250, 0.1248, 0.1249, 0.1251, 0.1252],
        [0.1250, 0.1250, 0.1251, 0.1251, 0.1249, 0.1250, 0.1246, 0.1252],
        [0.1250, 0.1249, 0.1251, 0.1251, 0.1249, 0.1249, 0.1253, 0.1248]],
       grad_fn=<SoftmaxBackward>)
tensor([[0.1250, 0.1250, 0.1251, 0.1250, 0.1250, 0.1249, 0.1250, 0.1249],
        [0.1251, 0.1249, 0.1249, 0.1250, 0.1248, 0.1251, 0.1251, 0.1251],
        [0.1249, 0.1249, 0.1252, 0.1250, 0.1251, 0.1248, 0.1252, 0.1250],
        [0.1248, 0.1249, 0.1251, 0.1251, 0.1249, 0.1251, 0.1251, 0.1250],
        [0.1251, 0.1250, 0.1252, 0.1252, 0.1249, 0.1248, 0.1249, 0.1249]],
       grad_fn=<SoftmaxBackward>)
tensor([[0.1250, 0.1250, 0.1251, 0.1250, 0.1250, 0.1249, 0.1250, 0.1249],
        [0.1251, 0.1249, 0.1249, 0.1250, 0.1248, 0.1251, 0.1251, 0.1251],
        [0.1249, 0.1249, 0.1252, 0.1250, 0.1251, 0.1248, 0.1252, 0.1250],
        [0.1248, 0.1249, 0.1251, 0.1251, 0.1249, 0.1251, 0.1251, 0.1250],
        [0.1251, 0.1250, 0.1252, 0.1252, 0.1249, 0.1248, 0.1249, 0.1249]],
       grad_fn=<SoftmaxBackward>)
#####################
#####################
#####################
#####################
tensor([[0.1251, 0.1249, 0.1250, 0.1250, 0.1250, 0.1249, 0.1250, 0.1252],
        [0.1249, 0.1249, 0.1249, 0.1250, 0.1250, 0.1251, 0.1251, 0.1249],
        [0.1249, 0.1252, 0.1250, 0.1250, 0.1251, 0.1249, 0.1250, 0.1249],
        [0.1251, 0.1249, 0.1249, 0.1250, 0.1250, 0.1250, 0.1251, 0.1251]],
       grad_fn=<SoftmaxBackward>)
tensor([[0.1250, 0.1250, 0.1251, 0.1250, 0.1250, 0.1249, 0.1250, 0.1249],
        [0.1251, 0.1249, 0.1249, 0.1250, 0.1248, 0.1251, 0.1251, 0.1251],
        [0.1249, 0.1249, 0.1252, 0.1250, 0.1251, 0.1248, 0.1252, 0.1250],
        [0.1248, 0.1249, 0.1251, 0.1251, 0.1249, 0.1251, 0.1251, 0.1250],
        [0.1251, 0.1250, 0.1252, 0.1252, 0.1249, 0.1248, 0.1249, 0.1249]],
       grad_fn=<SoftmaxBackward>)
#####################
08/01 11:28:29 PM | batch loading time example is 147.22048258781433
08/01 11:28:29 PM | batch loading time example is 147.22159600257874
08/01 11:28:29 PM | batch loading time example is 147.2221908569336
####### ALPHA #######
# Alpha - normal
tensor([[0.1251, 0.1250, 0.1251, 0.1249, 0.1249, 0.1251, 0.1251, 0.1248],
        [0.1251, 0.1250, 0.1250, 0.1249, 0.1250, 0.1250, 0.1251, 0.1250]],
       grad_fn=<SoftmaxBackward>)
tensor([[0.1248, 0.1251, 0.1250, 0.1249, 0.1253, 0.1250, 0.1248, 0.1251],
        [0.1251, 0.1249, 0.1249, 0.1251, 0.1250, 0.1249, 0.1250, 0.1252],
        [0.1248, 0.1250, 0.1251, 0.1252, 0.1248, 0.1251, 0.1248, 0.1252]],
       grad_fn=<SoftmaxBackward>)
tensor([[0.1250, 0.1248, 0.1253, 0.1250, 0.1251, 0.1249, 0.1251, 0.1249],
        [0.1251, 0.1249, 0.1250, 0.1251, 0.1250, 0.1247, 0.1252, 0.1250],
        [0.1249, 0.1251, 0.1249, 0.1251, 0.1251, 0.1249, 0.1250, 0.1248],
        [0.1251, 0.1249, 0.1249, 0.1251, 0.1249, 0.1251, 0.1250, 0.1249]],
       grad_fn=<SoftmaxBackward>)
tensor([[0.1252, 0.1251, 0.1248, 0.1251, 0.1251, 0.1250, 0.1250, 0.1247],
        [0.1250, 0.1250, 0.1250, 0.1249, 0.1249, 0.1252, 0.1250, 0.1251],
        [0.1251, 0.1248, 0.1251, 0.1249, 0.1251, 0.1250, 0.1250, 0.1250],
        [0.1248, 0.1251, 0.1253, 0.1247, 0.1250, 0.1251, 0.1249, 0.1250],
        [0.1252, 0.1250, 0.1249, 0.1250, 0.1249, 0.1251, 0.1249, 0.1249]],
       grad_fn=<SoftmaxBackward>)

# Alpha - reduce
tensor([[0.1247, 0.1250, 0.1251, 0.1252, 0.1252, 0.1250, 0.1248, 0.1250],
        [0.1250, 0.1250, 0.1252, 0.1249, 0.1249, 0.1250, 0.1252, 0.1249]],
       grad_fn=<SoftmaxBackward>)
tensor([[0.1250, 0.1251, 0.1249, 0.1250, 0.1248, 0.1249, 0.1251, 0.1252],
        [0.1250, 0.1250, 0.1251, 0.1251, 0.1249, 0.1250, 0.1246, 0.1252],
        [0.1250, 0.1249, 0.1251, 0.1251, 0.1249, 0.1249, 0.1253, 0.1248]],
       grad_fn=<SoftmaxBackward>)
tensor([[0.1251, 0.1249, 0.1250, 0.1250, 0.1250, 0.1249, 0.1250, 0.1252],
        [0.1249, 0.1249, 0.1249, 0.1250, 0.1250, 0.1251, 0.1251, 0.1249],
        [0.1249, 0.1252, 0.1250, 0.1250, 0.1251, 0.1249, 0.1250, 0.1249],
        [0.1251, 0.1249, 0.1249, 0.1250, 0.1250, 0.1250, 0.1251, 0.1251]],
       grad_fn=<SoftmaxBackward>)
tensor([[0.1250, 0.1250, 0.1251, 0.1250, 0.1250, 0.1249, 0.1250, 0.1249],
        [0.1251, 0.1249, 0.1249, 0.1250, 0.1248, 0.1251, 0.1251, 0.1251],
        [0.1249, 0.1249, 0.1252, 0.1250, 0.1251, 0.1248, 0.1252, 0.1250],
        [0.1248, 0.1249, 0.1251, 0.1251, 0.1249, 0.1251, 0.1251, 0.1250],
        [0.1251, 0.1250, 0.1252, 0.1252, 0.1249, 0.1248, 0.1249, 0.1249]],
       grad_fn=<SoftmaxBackward>)
#####################
####### ALPHA #######
# Alpha - normal
tensor([[0.1251, 0.1250, 0.1251, 0.1249, 0.1249, 0.1251, 0.1251, 0.1248],
        [0.1251, 0.1250, 0.1250, 0.1249, 0.1250, 0.1250, 0.1251, 0.1250]],
       grad_fn=<SoftmaxBackward>)
tensor([[0.1248, 0.1251, 0.1250, 0.1249, 0.1253, 0.1250, 0.1248, 0.1251],
        [0.1251, 0.1249, 0.1249, 0.1251, 0.1250, 0.1249, 0.1250, 0.1252],
        [0.1248, 0.1250, 0.1251, 0.1252, 0.1248, 0.1251, 0.1248, 0.1252]],
       grad_fn=<SoftmaxBackward>)
tensor([[0.1250, 0.1248, 0.1253, 0.1250, 0.1251, 0.1249, 0.1251, 0.1249],
        [0.1251, 0.1249, 0.1250, 0.1251, 0.1250, 0.1247, 0.1252, 0.1250],
        [0.1249, 0.1251, 0.1249, 0.1251, 0.1251, 0.1249, 0.1250, 0.1248],
        [0.1251, 0.1249, 0.1249, 0.1251, 0.1249, 0.1251, 0.1250, 0.1249]],
       grad_fn=<SoftmaxBackward>)
tensor([[0.1252, 0.1251, 0.1248, 0.1251, 0.1251, 0.1250, 0.1250, 0.1247],
        [0.1250, 0.1250, 0.1250, 0.1249, 0.1249, 0.1252, 0.1250, 0.1251],
        [0.1251, 0.1248, 0.1251, 0.1249, 0.1251, 0.1250, 0.1250, 0.1250],
        [0.1248, 0.1251, 0.1253, 0.1247, 0.1250, 0.1251, 0.1249, 0.1250],
        [0.1252, 0.1250, 0.1249, 0.1250, 0.1249, 0.1251, 0.1249, 0.1249]],
       grad_fn=<SoftmaxBackward>)

# Alpha - reduce
tensor([[0.1247, 0.1250, 0.1251, 0.1252, 0.1252, 0.1250, 0.1248, 0.1250],
        [0.1250, 0.1250, 0.1252, 0.1249, 0.1249, 0.1250, 0.1252, 0.1249]],
       grad_fn=<SoftmaxBackward>)
####### ALPHA #######
# Alpha - normal
tensor([[0.1250, 0.1251, 0.1249, 0.1250, 0.1248, 0.1249, 0.1251, 0.1252],
        [0.1250, 0.1250, 0.1251, 0.1251, 0.1249, 0.1250, 0.1246, 0.1252],
        [0.1250, 0.1249, 0.1251, 0.1251, 0.1249, 0.1249, 0.1253, 0.1248]],
       grad_fn=<SoftmaxBackward>)
tensor([[0.1251, 0.1249, 0.1250, 0.1250, 0.1250, 0.1249, 0.1250, 0.1252],
        [0.1249, 0.1249, 0.1249, 0.1250, 0.1250, 0.1251, 0.1251, 0.1249],
        [0.1249, 0.1252, 0.1250, 0.1250, 0.1251, 0.1249, 0.1250, 0.1249],
        [0.1251, 0.1249, 0.1249, 0.1250, 0.1250, 0.1250, 0.1251, 0.1251]],
       grad_fn=<SoftmaxBackward>)
tensor([[0.1251, 0.1250, 0.1251, 0.1249, 0.1249, 0.1251, 0.1251, 0.1248],
        [0.1251, 0.1250, 0.1250, 0.1249, 0.1250, 0.1250, 0.1251, 0.1250]],
       grad_fn=<SoftmaxBackward>)
tensor([[0.1250, 0.1250, 0.1251, 0.1250, 0.1250, 0.1249, 0.1250, 0.1249],
        [0.1251, 0.1249, 0.1249, 0.1250, 0.1248, 0.1251, 0.1251, 0.1251],
        [0.1249, 0.1249, 0.1252, 0.1250, 0.1251, 0.1248, 0.1252, 0.1250],
        [0.1248, 0.1249, 0.1251, 0.1251, 0.1249, 0.1251, 0.1251, 0.1250],
        [0.1251, 0.1250, 0.1252, 0.1252, 0.1249, 0.1248, 0.1249, 0.1249]],
       grad_fn=<SoftmaxBackward>)
tensor([[0.1248, 0.1251, 0.1250, 0.1249, 0.1253, 0.1250, 0.1248, 0.1251],
        [0.1251, 0.1249, 0.1249, 0.1251, 0.1250, 0.1249, 0.1250, 0.1252],
        [0.1248, 0.1250, 0.1251, 0.1252, 0.1248, 0.1251, 0.1248, 0.1252]],
       grad_fn=<SoftmaxBackward>)
#####################
tensor([[0.1250, 0.1248, 0.1253, 0.1250, 0.1251, 0.1249, 0.1251, 0.1249],
        [0.1251, 0.1249, 0.1250, 0.1251, 0.1250, 0.1247, 0.1252, 0.1250],
        [0.1249, 0.1251, 0.1249, 0.1251, 0.1251, 0.1249, 0.1250, 0.1248],
        [0.1251, 0.1249, 0.1249, 0.1251, 0.1249, 0.1251, 0.1250, 0.1249]],
       grad_fn=<SoftmaxBackward>)
tensor([[0.1252, 0.1251, 0.1248, 0.1251, 0.1251, 0.1250, 0.1250, 0.1247],
        [0.1250, 0.1250, 0.1250, 0.1249, 0.1249, 0.1252, 0.1250, 0.1251],
        [0.1251, 0.1248, 0.1251, 0.1249, 0.1251, 0.1250, 0.1250, 0.1250],
        [0.1248, 0.1251, 0.1253, 0.1247, 0.1250, 0.1251, 0.1249, 0.1250],
        [0.1252, 0.1250, 0.1249, 0.1250, 0.1249, 0.1251, 0.1249, 0.1249]],
       grad_fn=<SoftmaxBackward>)

# Alpha - reduce
tensor([[0.1247, 0.1250, 0.1251, 0.1252, 0.1252, 0.1250, 0.1248, 0.1250],
        [0.1250, 0.1250, 0.1252, 0.1249, 0.1249, 0.1250, 0.1252, 0.1249]],
       grad_fn=<SoftmaxBackward>)
tensor([[0.1250, 0.1251, 0.1249, 0.1250, 0.1248, 0.1249, 0.1251, 0.1252],
        [0.1250, 0.1250, 0.1251, 0.1251, 0.1249, 0.1250, 0.1246, 0.1252],
        [0.1250, 0.1249, 0.1251, 0.1251, 0.1249, 0.1249, 0.1253, 0.1248]],
       grad_fn=<SoftmaxBackward>)
tensor([[0.1251, 0.1249, 0.1250, 0.1250, 0.1250, 0.1249, 0.1250, 0.1252],
        [0.1249, 0.1249, 0.1249, 0.1250, 0.1250, 0.1251, 0.1251, 0.1249],
        [0.1249, 0.1252, 0.1250, 0.1250, 0.1251, 0.1249, 0.1250, 0.1249],
        [0.1251, 0.1249, 0.1249, 0.1250, 0.1250, 0.1250, 0.1251, 0.1251]],
       grad_fn=<SoftmaxBackward>)
tensor([[0.1250, 0.1250, 0.1251, 0.1250, 0.1250, 0.1249, 0.1250, 0.1249],
        [0.1251, 0.1249, 0.1249, 0.1250, 0.1248, 0.1251, 0.1251, 0.1251],
        [0.1249, 0.1249, 0.1252, 0.1250, 0.1251, 0.1248, 0.1252, 0.1250],
        [0.1248, 0.1249, 0.1251, 0.1251, 0.1249, 0.1251, 0.1251, 0.1250],
        [0.1251, 0.1250, 0.1252, 0.1252, 0.1249, 0.1248, 0.1249, 0.1249]],
       grad_fn=<SoftmaxBackward>)
#####################
