07/31 11:34:31 PM | Logger is set 
07/31 11:34:31 PM | Logger without distribution
07/31 11:35:10 PM | Initializing dataset used 39.07534456253052 basic time unit
07/31 11:35:10 PM | The training classes labels length :  751
07/31 11:37:43 PM | batch loading time example is 153.02399706840515
####### ALPHA #######
# Alpha - normal
tensor([[0.1249, 0.1248, 0.1250, 0.1251, 0.1250, 0.1251, 0.1251, 0.1251],
        [0.1249, 0.1250, 0.1247, 0.1250, 0.1252, 0.1251, 0.1250, 0.1251]],
       device='cuda:0', grad_fn=<SoftmaxBackward>)
tensor([[0.1250, 0.1249, 0.1250, 0.1250, 0.1250, 0.1250, 0.1250, 0.1251],
        [0.1251, 0.1250, 0.1248, 0.1249, 0.1251, 0.1252, 0.1251, 0.1249],
        [0.1252, 0.1250, 0.1251, 0.1251, 0.1250, 0.1246, 0.1250, 0.1250]],
       device='cuda:0', grad_fn=<SoftmaxBackward>)
tensor([[0.1252, 0.1249, 0.1250, 0.1249, 0.1251, 0.1250, 0.1249, 0.1249],
        [0.1248, 0.1249, 0.1251, 0.1252, 0.1250, 0.1248, 0.1250, 0.1252],
        [0.1250, 0.1250, 0.1250, 0.1250, 0.1250, 0.1251, 0.1250, 0.1251],
        [0.1250, 0.1249, 0.1251, 0.1250, 0.1249, 0.1251, 0.1250, 0.1249]],
       device='cuda:0', grad_fn=<SoftmaxBackward>)
tensor([[0.1250, 0.1248, 0.1250, 0.1248, 0.1251, 0.1251, 0.1249, 0.1252],
        [0.1250, 0.1251, 0.1251, 0.1250, 0.1251, 0.1249, 0.1251, 0.1248],
        [0.1248, 0.1250, 0.1250, 0.1251, 0.1249, 0.1251, 0.1252, 0.1249],
        [0.1249, 0.1250, 0.1251, 0.1249, 0.1250, 0.1250, 0.1251, 0.1250],
        [0.1251, 0.1251, 0.1250, 0.1249, 0.1250, 0.1252, 0.1249, 0.1249]],
       device='cuda:0', grad_fn=<SoftmaxBackward>)

# Alpha - reduce
tensor([[0.1252, 0.1252, 0.1248, 0.1250, 0.1251, 0.1248, 0.1250, 0.1249],
        [0.1251, 0.1251, 0.1251, 0.1250, 0.1250, 0.1249, 0.1250, 0.1249]],
       device='cuda:0', grad_fn=<SoftmaxBackward>)
tensor([[0.1250, 0.1251, 0.1249, 0.1251, 0.1250, 0.1249, 0.1250, 0.1250],
        [0.1251, 0.1251, 0.1249, 0.1252, 0.1250, 0.1250, 0.1248, 0.1249],
        [0.1250, 0.1249, 0.1250, 0.1251, 0.1248, 0.1251, 0.1251, 0.1250]],
       device='cuda:0', grad_fn=<SoftmaxBackward>)
tensor([[0.1251, 0.1251, 0.1249, 0.1250, 0.1249, 0.1250, 0.1251, 0.1250],
        [0.1251, 0.1249, 0.1250, 0.1250, 0.1250, 0.1250, 0.1250, 0.1250],
        [0.1251, 0.1249, 0.1250, 0.1252, 0.1251, 0.1247, 0.1251, 0.1249],
        [0.1250, 0.1251, 0.1251, 0.1251, 0.1248, 0.1250, 0.1251, 0.1248]],
       device='cuda:0', grad_fn=<SoftmaxBackward>)
tensor([[0.1249, 0.1251, 0.1249, 0.1251, 0.1248, 0.1251, 0.1252, 0.1250],
        [0.1249, 0.1251, 0.1250, 0.1250, 0.1248, 0.1251, 0.1252, 0.1250],
        [0.1251, 0.1251, 0.1250, 0.1252, 0.1250, 0.1248, 0.1250, 0.1248],
        [0.1253, 0.1251, 0.1250, 0.1249, 0.1250, 0.1249, 0.1248, 0.1249],
        [0.1251, 0.1250, 0.1252, 0.1250, 0.1250, 0.1251, 0.1248, 0.1249]],
       device='cuda:0', grad_fn=<SoftmaxBackward>)
#####################
07/31 11:41:39 PM | Logger is set 
07/31 11:41:39 PM | Logger without distribution
07/31 11:41:39 PM | Logger is set 
07/31 11:41:39 PM | Logger without distribution
07/31 11:42:22 PM | Initializing dataset used 43.03421115875244 basic time unit
07/31 11:42:22 PM | Initializing dataset used 43.057544231414795 basic time unit
07/31 11:42:22 PM | The training classes labels length :  751
07/31 11:42:22 PM | The training classes labels length :  751
07/31 11:43:59 PM | batch loading time example is 96.19239592552185
07/31 11:43:59 PM | batch loading time example is 96.19269251823425
####### ALPHA #######
# Alpha - normal
####### ALPHA #######
# Alpha - normal
tensor([[0.1249, 0.1248, 0.1250, 0.1251, 0.1250, 0.1251, 0.1251, 0.1251],
        [0.1249, 0.1250, 0.1247, 0.1250, 0.1252, 0.1251, 0.1250, 0.1251]],
       device='cuda:0', grad_fn=<SoftmaxBackward>)
tensor([[0.1249, 0.1248, 0.1250, 0.1251, 0.1250, 0.1251, 0.1251, 0.1251],
        [0.1249, 0.1250, 0.1247, 0.1250, 0.1252, 0.1251, 0.1250, 0.1251]],
       device='cuda:0', grad_fn=<SoftmaxBackward>)
tensor([[0.1250, 0.1249, 0.1250, 0.1250, 0.1250, 0.1250, 0.1250, 0.1251],
        [0.1251, 0.1250, 0.1248, 0.1249, 0.1251, 0.1252, 0.1251, 0.1249],
        [0.1252, 0.1250, 0.1251, 0.1251, 0.1250, 0.1246, 0.1250, 0.1250]],
       device='cuda:0', grad_fn=<SoftmaxBackward>)
tensor([[0.1250, 0.1249, 0.1250, 0.1250, 0.1250, 0.1250, 0.1250, 0.1251],
        [0.1251, 0.1250, 0.1248, 0.1249, 0.1251, 0.1252, 0.1251, 0.1249],
        [0.1252, 0.1250, 0.1251, 0.1251, 0.1250, 0.1246, 0.1250, 0.1250]],
       device='cuda:0', grad_fn=<SoftmaxBackward>)
tensor([[0.1252, 0.1249, 0.1250, 0.1249, 0.1251, 0.1250, 0.1249, 0.1249],
        [0.1248, 0.1249, 0.1251, 0.1252, 0.1250, 0.1248, 0.1250, 0.1252],
        [0.1250, 0.1250, 0.1250, 0.1250, 0.1250, 0.1251, 0.1250, 0.1251],
        [0.1250, 0.1249, 0.1251, 0.1250, 0.1249, 0.1251, 0.1250, 0.1249]],
       device='cuda:0', grad_fn=<SoftmaxBackward>)
tensor([[0.1252, 0.1249, 0.1250, 0.1249, 0.1251, 0.1250, 0.1249, 0.1249],
        [0.1248, 0.1249, 0.1251, 0.1252, 0.1250, 0.1248, 0.1250, 0.1252],
        [0.1250, 0.1250, 0.1250, 0.1250, 0.1250, 0.1251, 0.1250, 0.1251],
        [0.1250, 0.1249, 0.1251, 0.1250, 0.1249, 0.1251, 0.1250, 0.1249]],
       device='cuda:0', grad_fn=<SoftmaxBackward>)
tensor([[0.1250, 0.1248, 0.1250, 0.1248, 0.1251, 0.1251, 0.1249, 0.1252],
        [0.1250, 0.1251, 0.1251, 0.1250, 0.1251, 0.1249, 0.1251, 0.1248],
        [0.1248, 0.1250, 0.1250, 0.1251, 0.1249, 0.1251, 0.1252, 0.1249],
        [0.1249, 0.1250, 0.1251, 0.1249, 0.1250, 0.1250, 0.1251, 0.1250],
        [0.1251, 0.1251, 0.1250, 0.1249, 0.1250, 0.1252, 0.1249, 0.1249]],
       device='cuda:0', grad_fn=<SoftmaxBackward>)
tensor([[0.1250, 0.1248, 0.1250, 0.1248, 0.1251, 0.1251, 0.1249, 0.1252],
        [0.1250, 0.1251, 0.1251, 0.1250, 0.1251, 0.1249, 0.1251, 0.1248],
        [0.1248, 0.1250, 0.1250, 0.1251, 0.1249, 0.1251, 0.1252, 0.1249],
        [0.1249, 0.1250, 0.1251, 0.1249, 0.1250, 0.1250, 0.1251, 0.1250],
        [0.1251, 0.1251, 0.1250, 0.1249, 0.1250, 0.1252, 0.1249, 0.1249]],
       device='cuda:0', grad_fn=<SoftmaxBackward>)

# Alpha - reduce
tensor([[0.1252, 0.1252, 0.1248, 0.1250, 0.1251, 0.1248, 0.1250, 0.1249],
        [0.1251, 0.1251, 0.1251, 0.1250, 0.1250, 0.1249, 0.1250, 0.1249]],
       device='cuda:0', grad_fn=<SoftmaxBackward>)

# Alpha - reduce
tensor([[0.1252, 0.1252, 0.1248, 0.1250, 0.1251, 0.1248, 0.1250, 0.1249],
        [0.1251, 0.1251, 0.1251, 0.1250, 0.1250, 0.1249, 0.1250, 0.1249]],
       device='cuda:0', grad_fn=<SoftmaxBackward>)
tensor([[0.1250, 0.1251, 0.1249, 0.1251, 0.1250, 0.1249, 0.1250, 0.1250],
        [0.1251, 0.1251, 0.1249, 0.1252, 0.1250, 0.1250, 0.1248, 0.1249],
        [0.1250, 0.1249, 0.1250, 0.1251, 0.1248, 0.1251, 0.1251, 0.1250]],
       device='cuda:0', grad_fn=<SoftmaxBackward>)
tensor([[0.1250, 0.1251, 0.1249, 0.1251, 0.1250, 0.1249, 0.1250, 0.1250],
        [0.1251, 0.1251, 0.1249, 0.1252, 0.1250, 0.1250, 0.1248, 0.1249],
        [0.1250, 0.1249, 0.1250, 0.1251, 0.1248, 0.1251, 0.1251, 0.1250]],
       device='cuda:0', grad_fn=<SoftmaxBackward>)
tensor([[0.1251, 0.1251, 0.1249, 0.1250, 0.1249, 0.1250, 0.1251, 0.1250],
        [0.1251, 0.1249, 0.1250, 0.1250, 0.1250, 0.1250, 0.1250, 0.1250],
        [0.1251, 0.1249, 0.1250, 0.1252, 0.1251, 0.1247, 0.1251, 0.1249],
        [0.1250, 0.1251, 0.1251, 0.1251, 0.1248, 0.1250, 0.1251, 0.1248]],
       device='cuda:0', grad_fn=<SoftmaxBackward>)
tensor([[0.1251, 0.1251, 0.1249, 0.1250, 0.1249, 0.1250, 0.1251, 0.1250],
        [0.1251, 0.1249, 0.1250, 0.1250, 0.1250, 0.1250, 0.1250, 0.1250],
        [0.1251, 0.1249, 0.1250, 0.1252, 0.1251, 0.1247, 0.1251, 0.1249],
        [0.1250, 0.1251, 0.1251, 0.1251, 0.1248, 0.1250, 0.1251, 0.1248]],
       device='cuda:0', grad_fn=<SoftmaxBackward>)
tensor([[0.1249, 0.1251, 0.1249, 0.1251, 0.1248, 0.1251, 0.1252, 0.1250],
        [0.1249, 0.1251, 0.1250, 0.1250, 0.1248, 0.1251, 0.1252, 0.1250],
        [0.1251, 0.1251, 0.1250, 0.1252, 0.1250, 0.1248, 0.1250, 0.1248],
        [0.1253, 0.1251, 0.1250, 0.1249, 0.1250, 0.1249, 0.1248, 0.1249],
        [0.1251, 0.1250, 0.1252, 0.1250, 0.1250, 0.1251, 0.1248, 0.1249]],
       device='cuda:0', grad_fn=<SoftmaxBackward>)
#####################
tensor([[0.1249, 0.1251, 0.1249, 0.1251, 0.1248, 0.1251, 0.1252, 0.1250],
        [0.1249, 0.1251, 0.1250, 0.1250, 0.1248, 0.1251, 0.1252, 0.1250],
        [0.1251, 0.1251, 0.1250, 0.1252, 0.1250, 0.1248, 0.1250, 0.1248],
        [0.1253, 0.1251, 0.1250, 0.1249, 0.1250, 0.1249, 0.1248, 0.1249],
        [0.1251, 0.1250, 0.1252, 0.1250, 0.1250, 0.1251, 0.1248, 0.1249]],
       device='cuda:0', grad_fn=<SoftmaxBackward>)
#####################
08/01 10:21:26 AM | Logger is set 
08/01 10:21:26 AM | Logger is set 
08/01 10:21:26 AM | Logger without distribution
08/01 10:21:26 AM | Logger without distribution
08/01 10:23:47 AM | Initializing dataset used 140.81975960731506 basic time unit
08/01 10:23:47 AM | Initializing dataset used 140.83659529685974 basic time unit
08/01 10:23:47 AM | The training classes labels length :  751
08/01 10:23:47 AM | The training classes labels length :  751
08/01 10:25:59 AM | batch loading time example is 132.3432149887085
08/01 10:25:59 AM | batch loading time example is 132.34448623657227
####### ALPHA #######
# Alpha - normal
tensor([[0.1249, 0.1248, 0.1250, 0.1251, 0.1250, 0.1251, 0.1251, 0.1251],
        [0.1249, 0.1250, 0.1247, 0.1250, 0.1252, 0.1251, 0.1250, 0.1251]],
       device='cuda:0', grad_fn=<SoftmaxBackward>)
tensor([[0.1250, 0.1249, 0.1250, 0.1250, 0.1250, 0.1250, 0.1250, 0.1251],
        [0.1251, 0.1250, 0.1248, 0.1249, 0.1251, 0.1252, 0.1251, 0.1249],
        [0.1252, 0.1250, 0.1251, 0.1251, 0.1250, 0.1246, 0.1250, 0.1250]],
       device='cuda:0', grad_fn=<SoftmaxBackward>)
tensor([[0.1252, 0.1249, 0.1250, 0.1249, 0.1251, 0.1250, 0.1249, 0.1249],
        [0.1248, 0.1249, 0.1251, 0.1252, 0.1250, 0.1248, 0.1250, 0.1252],
        [0.1250, 0.1250, 0.1250, 0.1250, 0.1250, 0.1251, 0.1250, 0.1251],
        [0.1250, 0.1249, 0.1251, 0.1250, 0.1249, 0.1251, 0.1250, 0.1249]],
       device='cuda:0', grad_fn=<SoftmaxBackward>)
tensor([[0.1250, 0.1248, 0.1250, 0.1248, 0.1251, 0.1251, 0.1249, 0.1252],
        [0.1250, 0.1251, 0.1251, 0.1250, 0.1251, 0.1249, 0.1251, 0.1248],
        [0.1248, 0.1250, 0.1250, 0.1251, 0.1249, 0.1251, 0.1252, 0.1249],
        [0.1249, 0.1250, 0.1251, 0.1249, 0.1250, 0.1250, 0.1251, 0.1250],
        [0.1251, 0.1251, 0.1250, 0.1249, 0.1250, 0.1252, 0.1249, 0.1249]],
       device='cuda:0', grad_fn=<SoftmaxBackward>)

# Alpha - reduce
tensor([[0.1252, 0.1252, 0.1248, 0.1250, 0.1251, 0.1248, 0.1250, 0.1249],
        [0.1251, 0.1251, 0.1251, 0.1250, 0.1250, 0.1249, 0.1250, 0.1249]],
       device='cuda:0', grad_fn=<SoftmaxBackward>)
tensor([[0.1250, 0.1251, 0.1249, 0.1251, 0.1250, 0.1249, 0.1250, 0.1250],
        [0.1251, 0.1251, 0.1249, 0.1252, 0.1250, 0.1250, 0.1248, 0.1249],
        [0.1250, 0.1249, 0.1250, 0.1251, 0.1248, 0.1251, 0.1251, 0.1250]],
       device='cuda:0', grad_fn=<SoftmaxBackward>)
tensor([[0.1251, 0.1251, 0.1249, 0.1250, 0.1249, 0.1250, 0.1251, 0.1250],
        [0.1251, 0.1249, 0.1250, 0.1250, 0.1250, 0.1250, 0.1250, 0.1250],
        [0.1251, 0.1249, 0.1250, 0.1252, 0.1251, 0.1247, 0.1251, 0.1249],
        [0.1250, 0.1251, 0.1251, 0.1251, 0.1248, 0.1250, 0.1251, 0.1248]],
       device='cuda:0', grad_fn=<SoftmaxBackward>)
tensor([[0.1249, 0.1251, 0.1249, 0.1251, 0.1248, 0.1251, 0.1252, 0.1250],
        [0.1249, 0.1251, 0.1250, 0.1250, 0.1248, 0.1251, 0.1252, 0.1250],
        [0.1251, 0.1251, 0.1250, 0.1252, 0.1250, 0.1248, 0.1250, 0.1248],
        [0.1253, 0.1251, 0.1250, 0.1249, 0.1250, 0.1249, 0.1248, 0.1249],
        [0.1251, 0.1250, 0.1252, 0.1250, 0.1250, 0.1251, 0.1248, 0.1249]],
       device='cuda:0', grad_fn=<SoftmaxBackward>)
#####################
####### ALPHA #######
# Alpha - normal
tensor([[0.1249, 0.1248, 0.1250, 0.1251, 0.1250, 0.1251, 0.1251, 0.1251],
        [0.1249, 0.1250, 0.1247, 0.1250, 0.1252, 0.1251, 0.1250, 0.1251]],
       device='cuda:0', grad_fn=<SoftmaxBackward>)
tensor([[0.1250, 0.1249, 0.1250, 0.1250, 0.1250, 0.1250, 0.1250, 0.1251],
        [0.1251, 0.1250, 0.1248, 0.1249, 0.1251, 0.1252, 0.1251, 0.1249],
        [0.1252, 0.1250, 0.1251, 0.1251, 0.1250, 0.1246, 0.1250, 0.1250]],
       device='cuda:0', grad_fn=<SoftmaxBackward>)
tensor([[0.1252, 0.1249, 0.1250, 0.1249, 0.1251, 0.1250, 0.1249, 0.1249],
        [0.1248, 0.1249, 0.1251, 0.1252, 0.1250, 0.1248, 0.1250, 0.1252],
        [0.1250, 0.1250, 0.1250, 0.1250, 0.1250, 0.1251, 0.1250, 0.1251],
        [0.1250, 0.1249, 0.1251, 0.1250, 0.1249, 0.1251, 0.1250, 0.1249]],
       device='cuda:0', grad_fn=<SoftmaxBackward>)
tensor([[0.1250, 0.1248, 0.1250, 0.1248, 0.1251, 0.1251, 0.1249, 0.1252],
        [0.1250, 0.1251, 0.1251, 0.1250, 0.1251, 0.1249, 0.1251, 0.1248],
        [0.1248, 0.1250, 0.1250, 0.1251, 0.1249, 0.1251, 0.1252, 0.1249],
        [0.1249, 0.1250, 0.1251, 0.1249, 0.1250, 0.1250, 0.1251, 0.1250],
        [0.1251, 0.1251, 0.1250, 0.1249, 0.1250, 0.1252, 0.1249, 0.1249]],
       device='cuda:0', grad_fn=<SoftmaxBackward>)

# Alpha - reduce
tensor([[0.1252, 0.1252, 0.1248, 0.1250, 0.1251, 0.1248, 0.1250, 0.1249],
        [0.1251, 0.1251, 0.1251, 0.1250, 0.1250, 0.1249, 0.1250, 0.1249]],
       device='cuda:0', grad_fn=<SoftmaxBackward>)
tensor([[0.1250, 0.1251, 0.1249, 0.1251, 0.1250, 0.1249, 0.1250, 0.1250],
        [0.1251, 0.1251, 0.1249, 0.1252, 0.1250, 0.1250, 0.1248, 0.1249],
        [0.1250, 0.1249, 0.1250, 0.1251, 0.1248, 0.1251, 0.1251, 0.1250]],
       device='cuda:0', grad_fn=<SoftmaxBackward>)
tensor([[0.1251, 0.1251, 0.1249, 0.1250, 0.1249, 0.1250, 0.1251, 0.1250],
        [0.1251, 0.1249, 0.1250, 0.1250, 0.1250, 0.1250, 0.1250, 0.1250],
        [0.1251, 0.1249, 0.1250, 0.1252, 0.1251, 0.1247, 0.1251, 0.1249],
        [0.1250, 0.1251, 0.1251, 0.1251, 0.1248, 0.1250, 0.1251, 0.1248]],
       device='cuda:0', grad_fn=<SoftmaxBackward>)
tensor([[0.1249, 0.1251, 0.1249, 0.1251, 0.1248, 0.1251, 0.1252, 0.1250],
        [0.1249, 0.1251, 0.1250, 0.1250, 0.1248, 0.1251, 0.1252, 0.1250],
        [0.1251, 0.1251, 0.1250, 0.1252, 0.1250, 0.1248, 0.1250, 0.1248],
        [0.1253, 0.1251, 0.1250, 0.1249, 0.1250, 0.1249, 0.1248, 0.1249],
        [0.1251, 0.1250, 0.1252, 0.1250, 0.1250, 0.1251, 0.1248, 0.1249]],
       device='cuda:0', grad_fn=<SoftmaxBackward>)
#####################
08/01 10:29:51 AM | Train: [ 1/200] Step 000/6092 Loss 6.589 Prec@(1,5) (0.0%, 0.0%)
08/01 10:30:09 AM | Train: [ 1/200] Step 010/6092 Loss 6.642 Prec@(1,5) (0.0%, 0.0%)
08/01 10:30:29 AM | Train: [ 1/200] Step 020/6092 Loss 6.618 Prec@(1,5) (0.0%, 2.4%)
08/01 10:30:46 AM | Train: [ 1/200] Step 030/6092 Loss 6.814 Prec@(1,5) (0.0%, 1.6%)
08/01 10:31:03 AM | Train: [ 1/200] Step 040/6092 Loss 6.826 Prec@(1,5) (0.0%, 1.2%)
08/01 10:31:21 AM | Train: [ 1/200] Step 050/6092 Loss 6.807 Prec@(1,5) (0.0%, 1.0%)
08/01 10:31:38 AM | Train: [ 1/200] Step 060/6092 Loss 6.781 Prec@(1,5) (0.0%, 0.8%)
08/01 10:31:55 AM | Train: [ 1/200] Step 070/6092 Loss 6.785 Prec@(1,5) (0.0%, 0.7%)
08/01 10:32:12 AM | Train: [ 1/200] Step 080/6092 Loss 6.781 Prec@(1,5) (0.0%, 0.6%)
08/01 10:32:29 AM | Train: [ 1/200] Step 090/6092 Loss 6.774 Prec@(1,5) (0.0%, 0.5%)
08/01 10:32:46 AM | Train: [ 1/200] Step 100/6092 Loss 6.765 Prec@(1,5) (0.0%, 1.0%)
08/01 10:35:44 AM | Logger is set 
08/01 10:35:44 AM | Logger without distribution
08/01 10:35:44 AM | Logger is set 
08/01 10:35:44 AM | Logger without distribution
08/01 10:36:53 AM | Initializing dataset used 69.4059407711029 basic time unit
08/01 10:36:53 AM | Initializing dataset used 69.41197371482849 basic time unit
08/01 10:36:53 AM | The training classes labels length :  751
08/01 10:36:53 AM | The training classes labels length :  751
08/01 10:38:38 AM | batch loading time example is 104.27885866165161
08/01 10:38:38 AM | batch loading time example is 104.27898001670837
####### ALPHA #######
# Alpha - normal
####### ALPHA #######
# Alpha - normal
tensor([[0.1251, 0.1250, 0.1251, 0.1249, 0.1249, 0.1251, 0.1251, 0.1248],
        [0.1251, 0.1250, 0.1250, 0.1249, 0.1250, 0.1250, 0.1251, 0.1250]],
       device='cuda:0', grad_fn=<SoftmaxBackward>)
tensor([[0.1251, 0.1250, 0.1251, 0.1249, 0.1249, 0.1251, 0.1251, 0.1248],
        [0.1251, 0.1250, 0.1250, 0.1249, 0.1250, 0.1250, 0.1251, 0.1250]],
       device='cuda:0', grad_fn=<SoftmaxBackward>)
tensor([[0.1248, 0.1251, 0.1250, 0.1249, 0.1253, 0.1250, 0.1248, 0.1251],
        [0.1251, 0.1249, 0.1249, 0.1251, 0.1250, 0.1249, 0.1250, 0.1252],
        [0.1248, 0.1250, 0.1251, 0.1252, 0.1248, 0.1251, 0.1248, 0.1252]],
       device='cuda:0', grad_fn=<SoftmaxBackward>)
tensor([[0.1248, 0.1251, 0.1250, 0.1249, 0.1253, 0.1250, 0.1248, 0.1251],
        [0.1251, 0.1249, 0.1249, 0.1251, 0.1250, 0.1249, 0.1250, 0.1252],
        [0.1248, 0.1250, 0.1251, 0.1252, 0.1248, 0.1251, 0.1248, 0.1252]],
       device='cuda:0', grad_fn=<SoftmaxBackward>)
tensor([[0.1250, 0.1248, 0.1253, 0.1250, 0.1251, 0.1249, 0.1251, 0.1249],
        [0.1251, 0.1249, 0.1250, 0.1251, 0.1250, 0.1247, 0.1252, 0.1250],
        [0.1249, 0.1251, 0.1249, 0.1251, 0.1251, 0.1249, 0.1250, 0.1248],
        [0.1251, 0.1249, 0.1249, 0.1251, 0.1249, 0.1251, 0.1250, 0.1249]],
       device='cuda:0', grad_fn=<SoftmaxBackward>)
tensor([[0.1250, 0.1248, 0.1253, 0.1250, 0.1251, 0.1249, 0.1251, 0.1249],
        [0.1251, 0.1249, 0.1250, 0.1251, 0.1250, 0.1247, 0.1252, 0.1250],
        [0.1249, 0.1251, 0.1249, 0.1251, 0.1251, 0.1249, 0.1250, 0.1248],
        [0.1251, 0.1249, 0.1249, 0.1251, 0.1249, 0.1251, 0.1250, 0.1249]],
       device='cuda:0', grad_fn=<SoftmaxBackward>)
tensor([[0.1252, 0.1251, 0.1248, 0.1251, 0.1251, 0.1250, 0.1250, 0.1247],
        [0.1250, 0.1250, 0.1250, 0.1249, 0.1249, 0.1252, 0.1250, 0.1251],
        [0.1251, 0.1248, 0.1251, 0.1249, 0.1251, 0.1250, 0.1250, 0.1250],
        [0.1248, 0.1251, 0.1253, 0.1247, 0.1250, 0.1251, 0.1249, 0.1250],
        [0.1252, 0.1250, 0.1249, 0.1250, 0.1249, 0.1251, 0.1249, 0.1249]],
       device='cuda:0', grad_fn=<SoftmaxBackward>)
tensor([[0.1252, 0.1251, 0.1248, 0.1251, 0.1251, 0.1250, 0.1250, 0.1247],
        [0.1250, 0.1250, 0.1250, 0.1249, 0.1249, 0.1252, 0.1250, 0.1251],
        [0.1251, 0.1248, 0.1251, 0.1249, 0.1251, 0.1250, 0.1250, 0.1250],
        [0.1248, 0.1251, 0.1253, 0.1247, 0.1250, 0.1251, 0.1249, 0.1250],
        [0.1252, 0.1250, 0.1249, 0.1250, 0.1249, 0.1251, 0.1249, 0.1249]],
       device='cuda:0', grad_fn=<SoftmaxBackward>)

# Alpha - reduce

# Alpha - reduce
tensor([[0.1247, 0.1250, 0.1251, 0.1252, 0.1252, 0.1250, 0.1248, 0.1250],
        [0.1250, 0.1250, 0.1252, 0.1249, 0.1249, 0.1250, 0.1252, 0.1249]],
       device='cuda:0', grad_fn=<SoftmaxBackward>)
tensor([[0.1247, 0.1250, 0.1251, 0.1252, 0.1252, 0.1250, 0.1248, 0.1250],
        [0.1250, 0.1250, 0.1252, 0.1249, 0.1249, 0.1250, 0.1252, 0.1249]],
       device='cuda:0', grad_fn=<SoftmaxBackward>)
tensor([[0.1250, 0.1251, 0.1249, 0.1250, 0.1248, 0.1249, 0.1251, 0.1252],
        [0.1250, 0.1250, 0.1251, 0.1251, 0.1249, 0.1250, 0.1246, 0.1252],
        [0.1250, 0.1249, 0.1251, 0.1251, 0.1249, 0.1249, 0.1253, 0.1248]],
       device='cuda:0', grad_fn=<SoftmaxBackward>)
tensor([[0.1250, 0.1251, 0.1249, 0.1250, 0.1248, 0.1249, 0.1251, 0.1252],
        [0.1250, 0.1250, 0.1251, 0.1251, 0.1249, 0.1250, 0.1246, 0.1252],
        [0.1250, 0.1249, 0.1251, 0.1251, 0.1249, 0.1249, 0.1253, 0.1248]],
       device='cuda:0', grad_fn=<SoftmaxBackward>)
tensor([[0.1251, 0.1249, 0.1250, 0.1250, 0.1250, 0.1249, 0.1250, 0.1252],
        [0.1249, 0.1249, 0.1249, 0.1250, 0.1250, 0.1251, 0.1251, 0.1249],
        [0.1249, 0.1252, 0.1250, 0.1250, 0.1251, 0.1249, 0.1250, 0.1249],
        [0.1251, 0.1249, 0.1249, 0.1250, 0.1250, 0.1250, 0.1251, 0.1251]],
       device='cuda:0', grad_fn=<SoftmaxBackward>)
tensor([[0.1251, 0.1249, 0.1250, 0.1250, 0.1250, 0.1249, 0.1250, 0.1252],
        [0.1249, 0.1249, 0.1249, 0.1250, 0.1250, 0.1251, 0.1251, 0.1249],
        [0.1249, 0.1252, 0.1250, 0.1250, 0.1251, 0.1249, 0.1250, 0.1249],
        [0.1251, 0.1249, 0.1249, 0.1250, 0.1250, 0.1250, 0.1251, 0.1251]],
       device='cuda:0', grad_fn=<SoftmaxBackward>)
tensor([[0.1250, 0.1250, 0.1251, 0.1250, 0.1250, 0.1249, 0.1250, 0.1249],
        [0.1251, 0.1249, 0.1249, 0.1250, 0.1248, 0.1251, 0.1251, 0.1251],
        [0.1249, 0.1249, 0.1252, 0.1250, 0.1251, 0.1248, 0.1252, 0.1250],
        [0.1248, 0.1249, 0.1251, 0.1251, 0.1249, 0.1251, 0.1251, 0.1250],
        [0.1251, 0.1250, 0.1252, 0.1252, 0.1249, 0.1248, 0.1249, 0.1249]],
       device='cuda:0', grad_fn=<SoftmaxBackward>)
tensor([[0.1250, 0.1250, 0.1251, 0.1250, 0.1250, 0.1249, 0.1250, 0.1249],
        [0.1251, 0.1249, 0.1249, 0.1250, 0.1248, 0.1251, 0.1251, 0.1251],
        [0.1249, 0.1249, 0.1252, 0.1250, 0.1251, 0.1248, 0.1252, 0.1250],
        [0.1248, 0.1249, 0.1251, 0.1251, 0.1249, 0.1251, 0.1251, 0.1250],
        [0.1251, 0.1250, 0.1252, 0.1252, 0.1249, 0.1248, 0.1249, 0.1249]],
       device='cuda:0', grad_fn=<SoftmaxBackward>)
#####################
#####################
08/01 10:46:15 AM | Logger is set 
08/01 10:46:15 AM | Logger without distribution
08/01 10:47:06 AM | Initializing dataset used 50.47733783721924 basic time unit
08/01 10:47:06 AM | The training classes labels length :  751
08/01 10:49:02 AM | batch loading time example is 116.41104483604431
####### ALPHA #######
# Alpha - normal
tensor([[0.1251, 0.1250, 0.1251, 0.1249, 0.1249, 0.1251, 0.1251, 0.1248],
        [0.1251, 0.1250, 0.1250, 0.1249, 0.1250, 0.1250, 0.1251, 0.1250]],
       device='cuda:0', grad_fn=<SoftmaxBackward>)
tensor([[0.1248, 0.1251, 0.1250, 0.1249, 0.1253, 0.1250, 0.1248, 0.1251],
        [0.1251, 0.1249, 0.1249, 0.1251, 0.1250, 0.1249, 0.1250, 0.1252],
        [0.1248, 0.1250, 0.1251, 0.1252, 0.1248, 0.1251, 0.1248, 0.1252]],
       device='cuda:0', grad_fn=<SoftmaxBackward>)
tensor([[0.1250, 0.1248, 0.1253, 0.1250, 0.1251, 0.1249, 0.1251, 0.1249],
        [0.1251, 0.1249, 0.1250, 0.1251, 0.1250, 0.1247, 0.1252, 0.1250],
        [0.1249, 0.1251, 0.1249, 0.1251, 0.1251, 0.1249, 0.1250, 0.1248],
        [0.1251, 0.1249, 0.1249, 0.1251, 0.1249, 0.1251, 0.1250, 0.1249]],
       device='cuda:0', grad_fn=<SoftmaxBackward>)
tensor([[0.1252, 0.1251, 0.1248, 0.1251, 0.1251, 0.1250, 0.1250, 0.1247],
        [0.1250, 0.1250, 0.1250, 0.1249, 0.1249, 0.1252, 0.1250, 0.1251],
        [0.1251, 0.1248, 0.1251, 0.1249, 0.1251, 0.1250, 0.1250, 0.1250],
        [0.1248, 0.1251, 0.1253, 0.1247, 0.1250, 0.1251, 0.1249, 0.1250],
        [0.1252, 0.1250, 0.1249, 0.1250, 0.1249, 0.1251, 0.1249, 0.1249]],
       device='cuda:0', grad_fn=<SoftmaxBackward>)

# Alpha - reduce
tensor([[0.1247, 0.1250, 0.1251, 0.1252, 0.1252, 0.1250, 0.1248, 0.1250],
        [0.1250, 0.1250, 0.1252, 0.1249, 0.1249, 0.1250, 0.1252, 0.1249]],
       device='cuda:0', grad_fn=<SoftmaxBackward>)
tensor([[0.1250, 0.1251, 0.1249, 0.1250, 0.1248, 0.1249, 0.1251, 0.1252],
        [0.1250, 0.1250, 0.1251, 0.1251, 0.1249, 0.1250, 0.1246, 0.1252],
        [0.1250, 0.1249, 0.1251, 0.1251, 0.1249, 0.1249, 0.1253, 0.1248]],
       device='cuda:0', grad_fn=<SoftmaxBackward>)
tensor([[0.1251, 0.1249, 0.1250, 0.1250, 0.1250, 0.1249, 0.1250, 0.1252],
        [0.1249, 0.1249, 0.1249, 0.1250, 0.1250, 0.1251, 0.1251, 0.1249],
        [0.1249, 0.1252, 0.1250, 0.1250, 0.1251, 0.1249, 0.1250, 0.1249],
        [0.1251, 0.1249, 0.1249, 0.1250, 0.1250, 0.1250, 0.1251, 0.1251]],
       device='cuda:0', grad_fn=<SoftmaxBackward>)
tensor([[0.1250, 0.1250, 0.1251, 0.1250, 0.1250, 0.1249, 0.1250, 0.1249],
        [0.1251, 0.1249, 0.1249, 0.1250, 0.1248, 0.1251, 0.1251, 0.1251],
        [0.1249, 0.1249, 0.1252, 0.1250, 0.1251, 0.1248, 0.1252, 0.1250],
        [0.1248, 0.1249, 0.1251, 0.1251, 0.1249, 0.1251, 0.1251, 0.1250],
        [0.1251, 0.1250, 0.1252, 0.1252, 0.1249, 0.1248, 0.1249, 0.1249]],
       device='cuda:0', grad_fn=<SoftmaxBackward>)
#####################
08/01 10:53:22 AM | Train: [ 1/200] Step 000/6467 Loss 6.567 Prec@(1,5) (0.0%, 0.0%)
08/01 10:53:38 AM | Train: [ 1/200] Step 010/6467 Loss 6.628 Prec@(1,5) (4.5%, 4.5%)
08/01 10:53:54 AM | Train: [ 1/200] Step 020/6467 Loss 6.686 Prec@(1,5) (4.8%, 7.1%)
08/01 10:54:10 AM | Train: [ 1/200] Step 030/6467 Loss 6.695 Prec@(1,5) (3.2%, 4.8%)
08/01 10:54:27 AM | Train: [ 1/200] Step 040/6467 Loss 6.734 Prec@(1,5) (2.4%, 3.7%)
08/01 10:54:43 AM | Train: [ 1/200] Step 050/6467 Loss 6.727 Prec@(1,5) (2.0%, 2.9%)
08/01 10:55:00 AM | Train: [ 1/200] Step 060/6467 Loss 6.693 Prec@(1,5) (1.6%, 3.3%)
08/01 10:55:19 AM | Train: [ 1/200] Step 070/6467 Loss 6.722 Prec@(1,5) (1.4%, 2.8%)
08/01 10:55:35 AM | Train: [ 1/200] Step 080/6467 Loss 6.728 Prec@(1,5) (1.2%, 2.5%)
08/01 10:55:51 AM | Train: [ 1/200] Step 090/6467 Loss 6.729 Prec@(1,5) (1.1%, 2.2%)
08/01 10:56:08 AM | Train: [ 1/200] Step 100/6467 Loss 6.725 Prec@(1,5) (1.0%, 2.0%)
08/01 10:56:25 AM | Train: [ 1/200] Step 110/6467 Loss 6.724 Prec@(1,5) (0.9%, 1.8%)
08/01 10:56:41 AM | Train: [ 1/200] Step 120/6467 Loss 6.729 Prec@(1,5) (0.8%, 1.7%)
08/01 10:56:57 AM | Train: [ 1/200] Step 130/6467 Loss 6.714 Prec@(1,5) (0.8%, 1.9%)
08/01 10:57:13 AM | Train: [ 1/200] Step 140/6467 Loss 6.725 Prec@(1,5) (0.7%, 1.8%)
08/01 10:57:29 AM | Train: [ 1/200] Step 150/6467 Loss 6.709 Prec@(1,5) (0.7%, 1.7%)
08/01 10:57:45 AM | Train: [ 1/200] Step 160/6467 Loss 6.708 Prec@(1,5) (0.6%, 1.6%)
08/01 10:58:01 AM | Train: [ 1/200] Step 170/6467 Loss 6.708 Prec@(1,5) (0.6%, 1.5%)
08/01 10:58:17 AM | Train: [ 1/200] Step 180/6467 Loss 6.707 Prec@(1,5) (0.6%, 1.4%)
08/01 10:58:33 AM | Train: [ 1/200] Step 190/6467 Loss 6.704 Prec@(1,5) (0.5%, 1.3%)
08/01 10:58:49 AM | Train: [ 1/200] Step 200/6467 Loss 6.697 Prec@(1,5) (0.7%, 1.5%)
08/01 10:59:05 AM | Train: [ 1/200] Step 210/6467 Loss 6.696 Prec@(1,5) (0.7%, 1.4%)
08/01 10:59:21 AM | Train: [ 1/200] Step 220/6467 Loss 6.695 Prec@(1,5) (0.7%, 1.4%)
08/01 10:59:37 AM | Train: [ 1/200] Step 230/6467 Loss 6.689 Prec@(1,5) (0.6%, 1.3%)
08/01 10:59:54 AM | Train: [ 1/200] Step 240/6467 Loss 6.690 Prec@(1,5) (0.6%, 1.2%)
08/01 11:00:10 AM | Train: [ 1/200] Step 250/6467 Loss 6.689 Prec@(1,5) (0.6%, 1.2%)
08/01 11:00:28 AM | Train: [ 1/200] Step 260/6467 Loss 6.692 Prec@(1,5) (0.6%, 1.1%)
08/01 11:00:44 AM | Train: [ 1/200] Step 270/6467 Loss 6.686 Prec@(1,5) (0.6%, 1.1%)
08/01 11:01:00 AM | Train: [ 1/200] Step 280/6467 Loss 6.679 Prec@(1,5) (0.5%, 1.2%)
08/01 11:01:17 AM | Train: [ 1/200] Step 290/6467 Loss 6.676 Prec@(1,5) (0.5%, 1.4%)
08/01 11:01:33 AM | Train: [ 1/200] Step 300/6467 Loss 6.672 Prec@(1,5) (0.5%, 1.5%)
08/01 11:01:49 AM | Train: [ 1/200] Step 310/6467 Loss 6.673 Prec@(1,5) (0.5%, 1.4%)
08/01 11:02:06 AM | Train: [ 1/200] Step 320/6467 Loss 6.666 Prec@(1,5) (0.6%, 1.6%)
08/01 11:02:22 AM | Train: [ 1/200] Step 330/6467 Loss 6.670 Prec@(1,5) (0.6%, 1.5%)
08/01 11:02:39 AM | Train: [ 1/200] Step 340/6467 Loss 6.671 Prec@(1,5) (0.6%, 1.5%)
08/01 11:02:55 AM | Train: [ 1/200] Step 350/6467 Loss 6.670 Prec@(1,5) (0.6%, 1.6%)
08/01 11:03:11 AM | Train: [ 1/200] Step 360/6467 Loss 6.669 Prec@(1,5) (0.7%, 1.7%)
08/01 11:03:28 AM | Train: [ 1/200] Step 370/6467 Loss 6.667 Prec@(1,5) (0.7%, 1.8%)
08/01 11:03:41 AM | Train: [ 1/200] Final Prec@1 0.6649%
08/01 11:05:34 AM | Valid: [ 1/200] Step 000/375 Loss 6.580 Prec@(1,5) (0.0%, 0.0%)
08/01 11:05:36 AM | Valid: [ 1/200] Step 010/375 Loss 6.581 Prec@(1,5) (0.0%, 0.0%)
08/01 11:05:36 AM | Valid: [ 1/200] Step 020/375 Loss 6.667 Prec@(1,5) (0.0%, 0.0%)
08/01 11:05:37 AM | Valid: [ 1/200] Step 030/375 Loss 6.742 Prec@(1,5) (0.0%, 0.0%)
08/01 11:05:38 AM | Valid: [ 1/200] Step 040/375 Loss 6.735 Prec@(1,5) (0.0%, 0.0%)
08/01 11:05:39 AM | Valid: [ 1/200] Step 050/375 Loss 6.718 Prec@(1,5) (0.0%, 0.0%)
08/01 11:05:40 AM | Valid: [ 1/200] Step 060/375 Loss 6.736 Prec@(1,5) (0.0%, 0.0%)
08/01 11:05:41 AM | Valid: [ 1/200] Step 070/375 Loss 6.712 Prec@(1,5) (0.7%, 0.7%)
08/01 11:05:41 AM | Valid: [ 1/200] Step 080/375 Loss 6.698 Prec@(1,5) (0.6%, 0.6%)
08/01 11:05:42 AM | Valid: [ 1/200] Step 090/375 Loss 6.718 Prec@(1,5) (0.5%, 0.5%)
08/01 11:05:43 AM | Valid: [ 1/200] Step 100/375 Loss 6.732 Prec@(1,5) (0.5%, 0.5%)
08/01 11:05:44 AM | Valid: [ 1/200] Step 110/375 Loss 6.720 Prec@(1,5) (0.5%, 0.9%)
08/01 11:05:45 AM | Valid: [ 1/200] Step 120/375 Loss 6.726 Prec@(1,5) (0.4%, 0.8%)
08/01 11:05:46 AM | Valid: [ 1/200] Step 130/375 Loss 6.716 Prec@(1,5) (0.4%, 0.8%)
08/01 11:05:46 AM | Valid: [ 1/200] Step 140/375 Loss 6.718 Prec@(1,5) (0.4%, 0.7%)
08/01 11:05:47 AM | Valid: [ 1/200] Step 150/375 Loss 6.727 Prec@(1,5) (0.3%, 0.7%)
08/01 11:05:48 AM | Valid: [ 1/200] Step 160/375 Loss 6.716 Prec@(1,5) (0.3%, 0.6%)
08/01 11:05:49 AM | Valid: [ 1/200] Step 170/375 Loss 6.723 Prec@(1,5) (0.3%, 0.6%)
08/01 11:05:50 AM | Valid: [ 1/200] Step 180/375 Loss 6.706 Prec@(1,5) (0.3%, 0.6%)
08/01 11:05:51 AM | Valid: [ 1/200] Step 190/375 Loss 6.712 Prec@(1,5) (0.3%, 0.5%)
08/01 11:05:52 AM | Valid: [ 1/200] Step 200/375 Loss 6.706 Prec@(1,5) (0.5%, 0.7%)
08/01 11:05:53 AM | Valid: [ 1/200] Step 210/375 Loss 6.706 Prec@(1,5) (0.5%, 0.7%)
08/01 11:05:54 AM | Valid: [ 1/200] Step 220/375 Loss 6.713 Prec@(1,5) (0.5%, 0.7%)
08/01 11:05:54 AM | Valid: [ 1/200] Step 230/375 Loss 6.711 Prec@(1,5) (0.4%, 0.6%)
08/01 11:05:55 AM | Valid: [ 1/200] Step 240/375 Loss 6.708 Prec@(1,5) (0.4%, 0.6%)
08/01 11:05:56 AM | Valid: [ 1/200] Step 250/375 Loss 6.713 Prec@(1,5) (0.4%, 0.6%)
08/01 11:05:57 AM | Valid: [ 1/200] Step 260/375 Loss 6.708 Prec@(1,5) (0.4%, 0.6%)
08/01 11:05:58 AM | Valid: [ 1/200] Step 270/375 Loss 6.709 Prec@(1,5) (0.4%, 0.6%)
08/01 11:05:59 AM | Valid: [ 1/200] Step 280/375 Loss 6.706 Prec@(1,5) (0.4%, 0.5%)
08/01 11:05:59 AM | Valid: [ 1/200] Step 290/375 Loss 6.706 Prec@(1,5) (0.3%, 0.5%)
08/01 11:06:00 AM | Valid: [ 1/200] Step 300/375 Loss 6.708 Prec@(1,5) (0.3%, 0.5%)
08/01 11:06:01 AM | Valid: [ 1/200] Step 310/375 Loss 6.703 Prec@(1,5) (0.5%, 0.6%)
08/01 11:06:02 AM | Valid: [ 1/200] Step 320/375 Loss 6.702 Prec@(1,5) (0.5%, 0.8%)
08/01 11:06:03 AM | Valid: [ 1/200] Step 330/375 Loss 6.699 Prec@(1,5) (0.5%, 0.8%)
08/01 11:06:04 AM | Valid: [ 1/200] Step 340/375 Loss 6.703 Prec@(1,5) (0.4%, 0.7%)
08/01 11:06:05 AM | Valid: [ 1/200] Step 350/375 Loss 6.707 Prec@(1,5) (0.4%, 0.7%)
08/01 11:06:05 AM | Valid: [ 1/200] Step 360/375 Loss 6.712 Prec@(1,5) (0.4%, 0.7%)
08/01 11:06:06 AM | Valid: [ 1/200] Step 370/375 Loss 6.710 Prec@(1,5) (0.4%, 0.7%)
08/01 11:06:09 AM | Valid: [ 1/200] Final Prec@1 0.4000%, Prec@5 0.6667%, Prec@10 2.1333%
08/01 11:06:09 AM | Final best Prec@1 = 0.4000%
####### ALPHA #######
# Alpha - normal
tensor([[0.1369, 0.1211, 0.1323, 0.1028, 0.1828, 0.1036, 0.1193, 0.1012],
        [0.1008, 0.0883, 0.0978, 0.0920, 0.1035, 0.1605, 0.1325, 0.2245]],
       grad_fn=<SoftmaxBackward>)
tensor([[0.1271, 0.1295, 0.1416, 0.0956, 0.1103, 0.1641, 0.0699, 0.1619],
        [0.1164, 0.1128, 0.1191, 0.1028, 0.0958, 0.1893, 0.1206, 0.1431],
        [0.1127, 0.0990, 0.1023, 0.1027, 0.1760, 0.1790, 0.0981, 0.1301]],
       grad_fn=<SoftmaxBackward>)
tensor([[0.1136, 0.1097, 0.1228, 0.1095, 0.0898, 0.1457, 0.1891, 0.1198],
        [0.0978, 0.0960, 0.0998, 0.1274, 0.0798, 0.1535, 0.2121, 0.1336],
        [0.1083, 0.0968, 0.0930, 0.2713, 0.1387, 0.0989, 0.0972, 0.0957],
        [0.1185, 0.1063, 0.0824, 0.1382, 0.1614, 0.1617, 0.1453, 0.0861]],
       grad_fn=<SoftmaxBackward>)
tensor([[0.1133, 0.1031, 0.1091, 0.1279, 0.1684, 0.1112, 0.1036, 0.1635],
        [0.1199, 0.1040, 0.1123, 0.1468, 0.1874, 0.1306, 0.1132, 0.0859],
        [0.1415, 0.1098, 0.0926, 0.1686, 0.1753, 0.0991, 0.1096, 0.1035],
        [0.1949, 0.1567, 0.0961, 0.0926, 0.1671, 0.1057, 0.0938, 0.0930],
        [0.1409, 0.1134, 0.0916, 0.1044, 0.2006, 0.2097, 0.0651, 0.0743]],
       grad_fn=<SoftmaxBackward>)

# Alpha - reduce
tensor([[0.0252, 0.0229, 0.0447, 0.0351, 0.0228, 0.0221, 0.0204, 0.8067],
        [0.0300, 0.0258, 0.0354, 0.0306, 0.0382, 0.0300, 0.0464, 0.7636]],
       grad_fn=<SoftmaxBackward>)
tensor([[0.0356, 0.0295, 0.0856, 0.0622, 0.0507, 0.0359, 0.0299, 0.6707],
        [0.0272, 0.0227, 0.0261, 0.0266, 0.0346, 0.0400, 0.0172, 0.8056],
        [0.0173, 0.0147, 0.0246, 0.0272, 0.0301, 0.0255, 0.0154, 0.8454]],
       grad_fn=<SoftmaxBackward>)
tensor([[0.0458, 0.0434, 0.0472, 0.0382, 0.0328, 0.0328, 0.0380, 0.7219],
        [0.0276, 0.0269, 0.0519, 0.0249, 0.0216, 0.0472, 0.0219, 0.7781],
        [0.0176, 0.0159, 0.0298, 0.0272, 0.0240, 0.0358, 0.0273, 0.8224],
        [0.0141, 0.0136, 0.0218, 0.0401, 0.0445, 0.0459, 0.0273, 0.7927]],
       grad_fn=<SoftmaxBackward>)
tensor([[0.0390, 0.0375, 0.0484, 0.0405, 0.0405, 0.0263, 0.0400, 0.7278],
        [0.0354, 0.0335, 0.0448, 0.0205, 0.0220, 0.0413, 0.0293, 0.7732],
        [0.0172, 0.0152, 0.0273, 0.0349, 0.0244, 0.0299, 0.0262, 0.8249],
        [0.0139, 0.0126, 0.0199, 0.0260, 0.0187, 0.0285, 0.0197, 0.8607],
        [0.0135, 0.0125, 0.0214, 0.0390, 0.0558, 0.0358, 0.0261, 0.7959]],
       grad_fn=<SoftmaxBackward>)
#####################
08/01 11:10:01 AM | Train: [ 2/200] Step 000/6467 Loss 5.517 Prec@(1,5) (0.0%, 0.0%)
08/01 11:10:18 AM | Train: [ 2/200] Step 010/6467 Loss 6.512 Prec@(1,5) (0.0%, 0.0%)
08/01 11:10:35 AM | Train: [ 2/200] Step 020/6467 Loss 6.585 Prec@(1,5) (0.0%, 0.0%)
08/01 11:10:52 AM | Train: [ 2/200] Step 030/6467 Loss 6.535 Prec@(1,5) (0.0%, 1.6%)
08/01 11:11:08 AM | Train: [ 2/200] Step 040/6467 Loss 6.553 Prec@(1,5) (0.0%, 1.2%)
08/01 11:11:24 AM | Train: [ 2/200] Step 050/6467 Loss 6.597 Prec@(1,5) (0.0%, 1.0%)
08/01 11:11:40 AM | Train: [ 2/200] Step 060/6467 Loss 6.605 Prec@(1,5) (0.0%, 0.8%)
08/01 11:11:57 AM | Train: [ 2/200] Step 070/6467 Loss 6.595 Prec@(1,5) (0.0%, 0.7%)
08/01 11:12:13 AM | Train: [ 2/200] Step 080/6467 Loss 6.562 Prec@(1,5) (0.0%, 0.6%)
08/01 11:12:29 AM | Train: [ 2/200] Step 090/6467 Loss 6.572 Prec@(1,5) (0.0%, 0.5%)
08/01 11:12:46 AM | Train: [ 2/200] Step 100/6467 Loss 6.579 Prec@(1,5) (0.0%, 0.5%)
08/01 11:13:02 AM | Train: [ 2/200] Step 110/6467 Loss 6.594 Prec@(1,5) (0.0%, 0.5%)
08/01 11:13:18 AM | Train: [ 2/200] Step 120/6467 Loss 6.595 Prec@(1,5) (0.0%, 0.4%)
08/01 11:13:35 AM | Train: [ 2/200] Step 130/6467 Loss 6.566 Prec@(1,5) (0.0%, 1.5%)
08/01 11:13:51 AM | Train: [ 2/200] Step 140/6467 Loss 6.565 Prec@(1,5) (0.0%, 1.4%)
08/01 11:14:08 AM | Train: [ 2/200] Step 150/6467 Loss 6.559 Prec@(1,5) (0.3%, 1.7%)
08/01 11:14:24 AM | Train: [ 2/200] Step 160/6467 Loss 6.558 Prec@(1,5) (0.3%, 1.6%)
08/01 11:14:40 AM | Train: [ 2/200] Step 170/6467 Loss 6.570 Prec@(1,5) (0.3%, 1.5%)
08/01 11:14:56 AM | Train: [ 2/200] Step 180/6467 Loss 6.554 Prec@(1,5) (0.6%, 1.7%)
08/01 11:15:14 AM | Train: [ 2/200] Step 190/6467 Loss 6.562 Prec@(1,5) (0.5%, 1.6%)
08/01 11:15:31 AM | Train: [ 2/200] Step 200/6467 Loss 6.555 Prec@(1,5) (0.5%, 1.5%)
08/01 11:15:47 AM | Train: [ 2/200] Step 210/6467 Loss 6.548 Prec@(1,5) (0.5%, 1.4%)
08/01 11:16:03 AM | Train: [ 2/200] Step 220/6467 Loss 6.545 Prec@(1,5) (0.5%, 1.6%)
08/01 11:16:20 AM | Train: [ 2/200] Step 230/6467 Loss 6.550 Prec@(1,5) (0.4%, 1.5%)
08/01 11:16:36 AM | Train: [ 2/200] Step 240/6467 Loss 6.545 Prec@(1,5) (0.6%, 1.9%)
08/01 11:16:53 AM | Train: [ 2/200] Step 250/6467 Loss 6.546 Prec@(1,5) (0.6%, 1.8%)
08/01 11:17:09 AM | Train: [ 2/200] Step 260/6467 Loss 6.541 Prec@(1,5) (0.6%, 2.1%)
08/01 11:17:26 AM | Train: [ 2/200] Step 270/6467 Loss 6.536 Prec@(1,5) (0.6%, 2.2%)
08/01 11:17:43 AM | Train: [ 2/200] Step 280/6467 Loss 6.532 Prec@(1,5) (0.5%, 2.3%)
08/01 11:18:00 AM | Train: [ 2/200] Step 290/6467 Loss 6.530 Prec@(1,5) (0.5%, 2.2%)
08/01 11:18:17 AM | Train: [ 2/200] Step 300/6467 Loss 6.529 Prec@(1,5) (0.5%, 2.3%)
08/01 11:18:33 AM | Train: [ 2/200] Step 310/6467 Loss 6.530 Prec@(1,5) (0.5%, 2.3%)
08/01 11:18:50 AM | Train: [ 2/200] Step 320/6467 Loss 6.531 Prec@(1,5) (0.5%, 2.2%)
08/01 11:19:07 AM | Train: [ 2/200] Step 330/6467 Loss 6.526 Prec@(1,5) (0.5%, 2.4%)
08/01 11:19:23 AM | Train: [ 2/200] Step 340/6467 Loss 6.527 Prec@(1,5) (0.4%, 2.3%)
08/01 11:19:40 AM | Train: [ 2/200] Step 350/6467 Loss 6.531 Prec@(1,5) (0.4%, 2.3%)
08/01 11:19:56 AM | Train: [ 2/200] Step 360/6467 Loss 6.526 Prec@(1,5) (0.4%, 2.4%)
08/01 11:20:14 AM | Train: [ 2/200] Step 370/6467 Loss 6.533 Prec@(1,5) (0.4%, 2.3%)
08/01 11:20:26 AM | Train: [ 2/200] Final Prec@1 0.3989%
08/01 11:22:04 AM | Valid: [ 2/200] Step 000/375 Loss 6.231 Prec@(1,5) (0.0%, 0.0%)
08/01 11:22:05 AM | Valid: [ 2/200] Step 010/375 Loss 6.657 Prec@(1,5) (0.0%, 0.0%)
08/01 11:22:06 AM | Valid: [ 2/200] Step 020/375 Loss 6.707 Prec@(1,5) (0.0%, 0.0%)
08/01 11:22:07 AM | Valid: [ 2/200] Step 030/375 Loss 6.708 Prec@(1,5) (0.0%, 0.0%)
08/01 11:22:08 AM | Valid: [ 2/200] Step 040/375 Loss 6.750 Prec@(1,5) (0.0%, 0.0%)
08/01 11:22:08 AM | Valid: [ 2/200] Step 050/375 Loss 6.776 Prec@(1,5) (0.0%, 0.0%)
08/01 11:22:09 AM | Valid: [ 2/200] Step 060/375 Loss 6.784 Prec@(1,5) (0.0%, 0.0%)
08/01 11:22:10 AM | Valid: [ 2/200] Step 070/375 Loss 6.748 Prec@(1,5) (0.7%, 0.7%)
08/01 11:22:11 AM | Valid: [ 2/200] Step 080/375 Loss 6.741 Prec@(1,5) (0.6%, 0.6%)
08/01 11:22:12 AM | Valid: [ 2/200] Step 090/375 Loss 6.757 Prec@(1,5) (0.5%, 1.1%)
08/01 11:22:13 AM | Valid: [ 2/200] Step 100/375 Loss 6.774 Prec@(1,5) (0.5%, 1.0%)
08/01 11:22:14 AM | Valid: [ 2/200] Step 110/375 Loss 6.777 Prec@(1,5) (0.5%, 0.9%)
08/01 11:22:14 AM | Valid: [ 2/200] Step 120/375 Loss 6.770 Prec@(1,5) (0.4%, 0.8%)
08/01 11:22:15 AM | Valid: [ 2/200] Step 130/375 Loss 6.771 Prec@(1,5) (0.4%, 0.8%)
08/01 11:22:16 AM | Valid: [ 2/200] Step 140/375 Loss 6.776 Prec@(1,5) (0.4%, 0.7%)
08/01 11:22:17 AM | Valid: [ 2/200] Step 150/375 Loss 6.787 Prec@(1,5) (0.3%, 0.7%)
08/01 11:22:18 AM | Valid: [ 2/200] Step 160/375 Loss 6.780 Prec@(1,5) (0.3%, 0.6%)
08/01 11:22:19 AM | Valid: [ 2/200] Step 170/375 Loss 6.802 Prec@(1,5) (0.3%, 0.6%)
08/01 11:22:19 AM | Valid: [ 2/200] Step 180/375 Loss 6.776 Prec@(1,5) (0.3%, 0.8%)
08/01 11:22:20 AM | Valid: [ 2/200] Step 190/375 Loss 6.782 Prec@(1,5) (0.3%, 1.0%)
08/01 11:22:21 AM | Valid: [ 2/200] Step 200/375 Loss 6.759 Prec@(1,5) (0.5%, 1.5%)
08/01 11:22:22 AM | Valid: [ 2/200] Step 210/375 Loss 6.762 Prec@(1,5) (0.5%, 1.7%)
08/01 11:22:23 AM | Valid: [ 2/200] Step 220/375 Loss 6.771 Prec@(1,5) (0.5%, 1.6%)
08/01 11:22:24 AM | Valid: [ 2/200] Step 230/375 Loss 6.762 Prec@(1,5) (0.4%, 1.7%)
08/01 11:22:24 AM | Valid: [ 2/200] Step 240/375 Loss 6.770 Prec@(1,5) (0.4%, 1.7%)
08/01 11:22:25 AM | Valid: [ 2/200] Step 250/375 Loss 6.779 Prec@(1,5) (0.4%, 1.6%)
08/01 11:22:26 AM | Valid: [ 2/200] Step 260/375 Loss 6.775 Prec@(1,5) (0.4%, 1.7%)
08/01 11:22:27 AM | Valid: [ 2/200] Step 270/375 Loss 6.767 Prec@(1,5) (0.4%, 1.8%)
08/01 11:22:28 AM | Valid: [ 2/200] Step 280/375 Loss 6.774 Prec@(1,5) (0.4%, 1.8%)
08/01 11:22:29 AM | Valid: [ 2/200] Step 290/375 Loss 6.780 Prec@(1,5) (0.3%, 1.7%)
08/01 11:22:29 AM | Valid: [ 2/200] Step 300/375 Loss 6.773 Prec@(1,5) (0.3%, 1.7%)
08/01 11:22:30 AM | Valid: [ 2/200] Step 310/375 Loss 6.764 Prec@(1,5) (0.3%, 1.8%)
08/01 11:22:31 AM | Valid: [ 2/200] Step 320/375 Loss 6.761 Prec@(1,5) (0.3%, 1.7%)
08/01 11:22:32 AM | Valid: [ 2/200] Step 330/375 Loss 6.762 Prec@(1,5) (0.3%, 1.7%)
08/01 11:22:33 AM | Valid: [ 2/200] Step 340/375 Loss 6.768 Prec@(1,5) (0.3%, 1.6%)
08/01 11:22:34 AM | Valid: [ 2/200] Step 350/375 Loss 6.774 Prec@(1,5) (0.3%, 1.6%)
08/01 11:22:35 AM | Valid: [ 2/200] Step 360/375 Loss 6.782 Prec@(1,5) (0.3%, 1.5%)
08/01 11:22:35 AM | Valid: [ 2/200] Step 370/375 Loss 6.789 Prec@(1,5) (0.3%, 1.5%)
08/01 11:22:36 AM | Valid: [ 2/200] Final Prec@1 0.2667%, Prec@5 1.4667%, Prec@10 2.5333%
08/01 11:22:36 AM | Final best Prec@1 = 0.4000%
####### ALPHA #######
# Alpha - normal
tensor([[0.1087, 0.0913, 0.0987, 0.1204, 0.2335, 0.1113, 0.1390, 0.0972],
        [0.0999, 0.0830, 0.0915, 0.1327, 0.1000, 0.1719, 0.1073, 0.2137]],
       device='cuda:0', grad_fn=<SoftmaxBackward>)
tensor([[0.1309, 0.1273, 0.1378, 0.1070, 0.1538, 0.1369, 0.0894, 0.1169],
        [0.1231, 0.1173, 0.1243, 0.1126, 0.1136, 0.1708, 0.1056, 0.1327],
        [0.1608, 0.1306, 0.1092, 0.0834, 0.1430, 0.1504, 0.0872, 0.1354]],
       device='cuda:0', grad_fn=<SoftmaxBackward>)
