08/02 11:16:06 AM | Logger is set 
08/02 11:16:06 AM | Logger without distribution
08/02 11:16:06 AM | Logger is set 
08/02 11:16:06 AM | Logger without distribution
08/02 11:16:06 AM | Logger is set 
08/02 11:16:06 AM | Logger without distribution
08/02 11:16:06 AM | Logger is set 
08/02 11:16:06 AM | Logger without distribution
08/02 11:16:06 AM | Logger is set 
08/02 11:16:06 AM | Logger without distribution
08/02 11:16:06 AM | Logger is set 
08/02 11:16:06 AM | Logger without distribution
08/02 11:16:06 AM | Logger is set 
08/02 11:16:06 AM | Logger without distribution
08/02 11:16:06 AM | Logger is set 
08/02 11:16:06 AM | Logger without distribution
08/02 11:16:57 AM | Initializing dataset used 50.64276599884033 basic time unit
08/02 11:16:57 AM | Initializing dataset used 50.64588928222656 basic time unit
08/02 11:16:57 AM | Initializing dataset used 50.649261474609375 basic time unit
08/02 11:16:57 AM | Initializing dataset used 50.63523626327515 basic time unit
08/02 11:16:57 AM | Initializing dataset used 50.65181493759155 basic time unit
08/02 11:16:57 AM | Initializing dataset used 50.65922546386719 basic time unit
08/02 11:16:57 AM | Initializing dataset used 50.66262698173523 basic time unit
08/02 11:16:57 AM | Initializing dataset used 50.65544629096985 basic time unit
08/02 11:16:57 AM | The training classes labels length :  751
08/02 11:16:57 AM | The training classes labels length :  751
08/02 11:16:57 AM | The training classes labels length :  751
08/02 11:16:57 AM | The training classes labels length :  751
08/02 11:16:57 AM | The training classes labels length :  751
08/02 11:16:57 AM | The training classes labels length :  751
08/02 11:16:57 AM | The training classes labels length :  751
08/02 11:16:57 AM | The training classes labels length :  751
08/02 11:18:56 AM | batch loading time example is 119.64162755012512
08/02 11:18:56 AM | batch loading time example is 119.64208889007568
08/02 11:18:56 AM | batch loading time example is 119.64239931106567
08/02 11:18:56 AM | batch loading time example is 119.6424458026886
08/02 11:18:56 AM | batch loading time example is 119.64363241195679
08/02 11:18:56 AM | batch loading time example is 119.6440041065216
08/02 11:18:56 AM | batch loading time example is 119.64421319961548
08/02 11:18:56 AM | batch loading time example is 119.64463901519775
####### ALPHA #######
# Alpha - normal
####### ALPHA #######
# Alpha - normal
####### ALPHA #######
# Alpha - normal
####### ALPHA #######
# Alpha - normal
####### ALPHA #######
# Alpha - normal
####### ALPHA #######
# Alpha - normal
####### ALPHA #######
# Alpha - normal
####### ALPHA #######
# Alpha - normal
tensor([[0.1251, 0.1250, 0.1251, 0.1249, 0.1249, 0.1251, 0.1251, 0.1248],
        [0.1251, 0.1250, 0.1250, 0.1249, 0.1250, 0.1250, 0.1251, 0.1250]],
       device='cuda:0', grad_fn=<SoftmaxBackward>)
tensor([[0.1251, 0.1250, 0.1251, 0.1249, 0.1249, 0.1251, 0.1251, 0.1248],
        [0.1251, 0.1250, 0.1250, 0.1249, 0.1250, 0.1250, 0.1251, 0.1250]],
       device='cuda:0', grad_fn=<SoftmaxBackward>)
tensor([[0.1251, 0.1250, 0.1251, 0.1249, 0.1249, 0.1251, 0.1251, 0.1248],
        [0.1251, 0.1250, 0.1250, 0.1249, 0.1250, 0.1250, 0.1251, 0.1250]],
       device='cuda:0', grad_fn=<SoftmaxBackward>)
tensor([[0.1251, 0.1250, 0.1251, 0.1249, 0.1249, 0.1251, 0.1251, 0.1248],
        [0.1251, 0.1250, 0.1250, 0.1249, 0.1250, 0.1250, 0.1251, 0.1250]],
       device='cuda:0', grad_fn=<SoftmaxBackward>)
tensor([[0.1251, 0.1250, 0.1251, 0.1249, 0.1249, 0.1251, 0.1251, 0.1248],
        [0.1251, 0.1250, 0.1250, 0.1249, 0.1250, 0.1250, 0.1251, 0.1250]],
       device='cuda:0', grad_fn=<SoftmaxBackward>)
tensor([[0.1251, 0.1250, 0.1251, 0.1249, 0.1249, 0.1251, 0.1251, 0.1248],
        [0.1251, 0.1250, 0.1250, 0.1249, 0.1250, 0.1250, 0.1251, 0.1250]],
       device='cuda:0', grad_fn=<SoftmaxBackward>)
tensor([[0.1251, 0.1250, 0.1251, 0.1249, 0.1249, 0.1251, 0.1251, 0.1248],
        [0.1251, 0.1250, 0.1250, 0.1249, 0.1250, 0.1250, 0.1251, 0.1250]],
       device='cuda:0', grad_fn=<SoftmaxBackward>)
tensor([[0.1251, 0.1250, 0.1251, 0.1249, 0.1249, 0.1251, 0.1251, 0.1248],
        [0.1251, 0.1250, 0.1250, 0.1249, 0.1250, 0.1250, 0.1251, 0.1250]],
       device='cuda:0', grad_fn=<SoftmaxBackward>)
tensor([[0.1248, 0.1251, 0.1250, 0.1249, 0.1253, 0.1250, 0.1248, 0.1251],
        [0.1251, 0.1249, 0.1249, 0.1251, 0.1250, 0.1249, 0.1250, 0.1252],
        [0.1248, 0.1250, 0.1251, 0.1252, 0.1248, 0.1251, 0.1248, 0.1252]],
       device='cuda:0', grad_fn=<SoftmaxBackward>)
tensor([[0.1248, 0.1251, 0.1250, 0.1249, 0.1253, 0.1250, 0.1248, 0.1251],
        [0.1251, 0.1249, 0.1249, 0.1251, 0.1250, 0.1249, 0.1250, 0.1252],
        [0.1248, 0.1250, 0.1251, 0.1252, 0.1248, 0.1251, 0.1248, 0.1252]],
       device='cuda:0', grad_fn=<SoftmaxBackward>)
tensor([[0.1248, 0.1251, 0.1250, 0.1249, 0.1253, 0.1250, 0.1248, 0.1251],
        [0.1251, 0.1249, 0.1249, 0.1251, 0.1250, 0.1249, 0.1250, 0.1252],
        [0.1248, 0.1250, 0.1251, 0.1252, 0.1248, 0.1251, 0.1248, 0.1252]],
       device='cuda:0', grad_fn=<SoftmaxBackward>)
tensor([[0.1248, 0.1251, 0.1250, 0.1249, 0.1253, 0.1250, 0.1248, 0.1251],
        [0.1251, 0.1249, 0.1249, 0.1251, 0.1250, 0.1249, 0.1250, 0.1252],
        [0.1248, 0.1250, 0.1251, 0.1252, 0.1248, 0.1251, 0.1248, 0.1252]],
       device='cuda:0', grad_fn=<SoftmaxBackward>)
tensor([[0.1248, 0.1251, 0.1250, 0.1249, 0.1253, 0.1250, 0.1248, 0.1251],
        [0.1251, 0.1249, 0.1249, 0.1251, 0.1250, 0.1249, 0.1250, 0.1252],
        [0.1248, 0.1250, 0.1251, 0.1252, 0.1248, 0.1251, 0.1248, 0.1252]],
       device='cuda:0', grad_fn=<SoftmaxBackward>)
tensor([[0.1248, 0.1251, 0.1250, 0.1249, 0.1253, 0.1250, 0.1248, 0.1251],
        [0.1251, 0.1249, 0.1249, 0.1251, 0.1250, 0.1249, 0.1250, 0.1252],
        [0.1248, 0.1250, 0.1251, 0.1252, 0.1248, 0.1251, 0.1248, 0.1252]],
       device='cuda:0', grad_fn=<SoftmaxBackward>)
tensor([[0.1248, 0.1251, 0.1250, 0.1249, 0.1253, 0.1250, 0.1248, 0.1251],
        [0.1251, 0.1249, 0.1249, 0.1251, 0.1250, 0.1249, 0.1250, 0.1252],
        [0.1248, 0.1250, 0.1251, 0.1252, 0.1248, 0.1251, 0.1248, 0.1252]],
       device='cuda:0', grad_fn=<SoftmaxBackward>)
tensor([[0.1248, 0.1251, 0.1250, 0.1249, 0.1253, 0.1250, 0.1248, 0.1251],
        [0.1251, 0.1249, 0.1249, 0.1251, 0.1250, 0.1249, 0.1250, 0.1252],
        [0.1248, 0.1250, 0.1251, 0.1252, 0.1248, 0.1251, 0.1248, 0.1252]],
       device='cuda:0', grad_fn=<SoftmaxBackward>)
tensor([[0.1250, 0.1248, 0.1253, 0.1250, 0.1251, 0.1249, 0.1251, 0.1249],
        [0.1251, 0.1249, 0.1250, 0.1251, 0.1250, 0.1247, 0.1252, 0.1250],
        [0.1249, 0.1251, 0.1249, 0.1251, 0.1251, 0.1249, 0.1250, 0.1248],
        [0.1251, 0.1249, 0.1249, 0.1251, 0.1249, 0.1251, 0.1250, 0.1249]],
       device='cuda:0', grad_fn=<SoftmaxBackward>)
tensor([[0.1250, 0.1248, 0.1253, 0.1250, 0.1251, 0.1249, 0.1251, 0.1249],
        [0.1251, 0.1249, 0.1250, 0.1251, 0.1250, 0.1247, 0.1252, 0.1250],
        [0.1249, 0.1251, 0.1249, 0.1251, 0.1251, 0.1249, 0.1250, 0.1248],
        [0.1251, 0.1249, 0.1249, 0.1251, 0.1249, 0.1251, 0.1250, 0.1249]],
       device='cuda:0', grad_fn=<SoftmaxBackward>)
tensor([[0.1250, 0.1248, 0.1253, 0.1250, 0.1251, 0.1249, 0.1251, 0.1249],
        [0.1251, 0.1249, 0.1250, 0.1251, 0.1250, 0.1247, 0.1252, 0.1250],
        [0.1249, 0.1251, 0.1249, 0.1251, 0.1251, 0.1249, 0.1250, 0.1248],
        [0.1251, 0.1249, 0.1249, 0.1251, 0.1249, 0.1251, 0.1250, 0.1249]],
       device='cuda:0', grad_fn=<SoftmaxBackward>)
tensor([[0.1250, 0.1248, 0.1253, 0.1250, 0.1251, 0.1249, 0.1251, 0.1249],
        [0.1251, 0.1249, 0.1250, 0.1251, 0.1250, 0.1247, 0.1252, 0.1250],
        [0.1249, 0.1251, 0.1249, 0.1251, 0.1251, 0.1249, 0.1250, 0.1248],
        [0.1251, 0.1249, 0.1249, 0.1251, 0.1249, 0.1251, 0.1250, 0.1249]],
       device='cuda:0', grad_fn=<SoftmaxBackward>)
tensor([[0.1250, 0.1248, 0.1253, 0.1250, 0.1251, 0.1249, 0.1251, 0.1249],
        [0.1251, 0.1249, 0.1250, 0.1251, 0.1250, 0.1247, 0.1252, 0.1250],
        [0.1249, 0.1251, 0.1249, 0.1251, 0.1251, 0.1249, 0.1250, 0.1248],
        [0.1251, 0.1249, 0.1249, 0.1251, 0.1249, 0.1251, 0.1250, 0.1249]],
       device='cuda:0', grad_fn=<SoftmaxBackward>)
tensor([[0.1250, 0.1248, 0.1253, 0.1250, 0.1251, 0.1249, 0.1251, 0.1249],
        [0.1251, 0.1249, 0.1250, 0.1251, 0.1250, 0.1247, 0.1252, 0.1250],
        [0.1249, 0.1251, 0.1249, 0.1251, 0.1251, 0.1249, 0.1250, 0.1248],
        [0.1251, 0.1249, 0.1249, 0.1251, 0.1249, 0.1251, 0.1250, 0.1249]],
       device='cuda:0', grad_fn=<SoftmaxBackward>)
tensor([[0.1250, 0.1248, 0.1253, 0.1250, 0.1251, 0.1249, 0.1251, 0.1249],
        [0.1251, 0.1249, 0.1250, 0.1251, 0.1250, 0.1247, 0.1252, 0.1250],
        [0.1249, 0.1251, 0.1249, 0.1251, 0.1251, 0.1249, 0.1250, 0.1248],
        [0.1251, 0.1249, 0.1249, 0.1251, 0.1249, 0.1251, 0.1250, 0.1249]],
       device='cuda:0', grad_fn=<SoftmaxBackward>)
tensor([[0.1250, 0.1248, 0.1253, 0.1250, 0.1251, 0.1249, 0.1251, 0.1249],
        [0.1251, 0.1249, 0.1250, 0.1251, 0.1250, 0.1247, 0.1252, 0.1250],
        [0.1249, 0.1251, 0.1249, 0.1251, 0.1251, 0.1249, 0.1250, 0.1248],
        [0.1251, 0.1249, 0.1249, 0.1251, 0.1249, 0.1251, 0.1250, 0.1249]],
       device='cuda:0', grad_fn=<SoftmaxBackward>)
tensor([[0.1252, 0.1251, 0.1248, 0.1251, 0.1251, 0.1250, 0.1250, 0.1247],
        [0.1250, 0.1250, 0.1250, 0.1249, 0.1249, 0.1252, 0.1250, 0.1251],
        [0.1251, 0.1248, 0.1251, 0.1249, 0.1251, 0.1250, 0.1250, 0.1250],
        [0.1248, 0.1251, 0.1253, 0.1247, 0.1250, 0.1251, 0.1249, 0.1250],
        [0.1252, 0.1250, 0.1249, 0.1250, 0.1249, 0.1251, 0.1249, 0.1249]],
       device='cuda:0', grad_fn=<SoftmaxBackward>)
tensor([[0.1252, 0.1251, 0.1248, 0.1251, 0.1251, 0.1250, 0.1250, 0.1247],
        [0.1250, 0.1250, 0.1250, 0.1249, 0.1249, 0.1252, 0.1250, 0.1251],
        [0.1251, 0.1248, 0.1251, 0.1249, 0.1251, 0.1250, 0.1250, 0.1250],
        [0.1248, 0.1251, 0.1253, 0.1247, 0.1250, 0.1251, 0.1249, 0.1250],
        [0.1252, 0.1250, 0.1249, 0.1250, 0.1249, 0.1251, 0.1249, 0.1249]],
       device='cuda:0', grad_fn=<SoftmaxBackward>)
tensor([[0.1252, 0.1251, 0.1248, 0.1251, 0.1251, 0.1250, 0.1250, 0.1247],
        [0.1250, 0.1250, 0.1250, 0.1249, 0.1249, 0.1252, 0.1250, 0.1251],
        [0.1251, 0.1248, 0.1251, 0.1249, 0.1251, 0.1250, 0.1250, 0.1250],
        [0.1248, 0.1251, 0.1253, 0.1247, 0.1250, 0.1251, 0.1249, 0.1250],
        [0.1252, 0.1250, 0.1249, 0.1250, 0.1249, 0.1251, 0.1249, 0.1249]],
       device='cuda:0', grad_fn=<SoftmaxBackward>)
tensor([[0.1252, 0.1251, 0.1248, 0.1251, 0.1251, 0.1250, 0.1250, 0.1247],
        [0.1250, 0.1250, 0.1250, 0.1249, 0.1249, 0.1252, 0.1250, 0.1251],
        [0.1251, 0.1248, 0.1251, 0.1249, 0.1251, 0.1250, 0.1250, 0.1250],
        [0.1248, 0.1251, 0.1253, 0.1247, 0.1250, 0.1251, 0.1249, 0.1250],
        [0.1252, 0.1250, 0.1249, 0.1250, 0.1249, 0.1251, 0.1249, 0.1249]],
       device='cuda:0', grad_fn=<SoftmaxBackward>)
tensor([[0.1252, 0.1251, 0.1248, 0.1251, 0.1251, 0.1250, 0.1250, 0.1247],
        [0.1250, 0.1250, 0.1250, 0.1249, 0.1249, 0.1252, 0.1250, 0.1251],
        [0.1251, 0.1248, 0.1251, 0.1249, 0.1251, 0.1250, 0.1250, 0.1250],
        [0.1248, 0.1251, 0.1253, 0.1247, 0.1250, 0.1251, 0.1249, 0.1250],
        [0.1252, 0.1250, 0.1249, 0.1250, 0.1249, 0.1251, 0.1249, 0.1249]],
       device='cuda:0', grad_fn=<SoftmaxBackward>)
tensor([[0.1252, 0.1251, 0.1248, 0.1251, 0.1251, 0.1250, 0.1250, 0.1247],
        [0.1250, 0.1250, 0.1250, 0.1249, 0.1249, 0.1252, 0.1250, 0.1251],
        [0.1251, 0.1248, 0.1251, 0.1249, 0.1251, 0.1250, 0.1250, 0.1250],
        [0.1248, 0.1251, 0.1253, 0.1247, 0.1250, 0.1251, 0.1249, 0.1250],
        [0.1252, 0.1250, 0.1249, 0.1250, 0.1249, 0.1251, 0.1249, 0.1249]],
       device='cuda:0', grad_fn=<SoftmaxBackward>)
tensor([[0.1252, 0.1251, 0.1248, 0.1251, 0.1251, 0.1250, 0.1250, 0.1247],
        [0.1250, 0.1250, 0.1250, 0.1249, 0.1249, 0.1252, 0.1250, 0.1251],
        [0.1251, 0.1248, 0.1251, 0.1249, 0.1251, 0.1250, 0.1250, 0.1250],
        [0.1248, 0.1251, 0.1253, 0.1247, 0.1250, 0.1251, 0.1249, 0.1250],
        [0.1252, 0.1250, 0.1249, 0.1250, 0.1249, 0.1251, 0.1249, 0.1249]],
       device='cuda:0', grad_fn=<SoftmaxBackward>)
tensor([[0.1252, 0.1251, 0.1248, 0.1251, 0.1251, 0.1250, 0.1250, 0.1247],
        [0.1250, 0.1250, 0.1250, 0.1249, 0.1249, 0.1252, 0.1250, 0.1251],
        [0.1251, 0.1248, 0.1251, 0.1249, 0.1251, 0.1250, 0.1250, 0.1250],
        [0.1248, 0.1251, 0.1253, 0.1247, 0.1250, 0.1251, 0.1249, 0.1250],
        [0.1252, 0.1250, 0.1249, 0.1250, 0.1249, 0.1251, 0.1249, 0.1249]],
       device='cuda:0', grad_fn=<SoftmaxBackward>)

# Alpha - reduce

# Alpha - reduce

# Alpha - reduce

# Alpha - reduce

# Alpha - reduce

# Alpha - reduce

# Alpha - reduce

# Alpha - reduce
tensor([[0.1247, 0.1250, 0.1251, 0.1252, 0.1252, 0.1250, 0.1248, 0.1250],
        [0.1250, 0.1250, 0.1252, 0.1249, 0.1249, 0.1250, 0.1252, 0.1249]],
       device='cuda:0', grad_fn=<SoftmaxBackward>)
tensor([[0.1247, 0.1250, 0.1251, 0.1252, 0.1252, 0.1250, 0.1248, 0.1250],
        [0.1250, 0.1250, 0.1252, 0.1249, 0.1249, 0.1250, 0.1252, 0.1249]],
       device='cuda:0', grad_fn=<SoftmaxBackward>)
tensor([[0.1247, 0.1250, 0.1251, 0.1252, 0.1252, 0.1250, 0.1248, 0.1250],
        [0.1250, 0.1250, 0.1252, 0.1249, 0.1249, 0.1250, 0.1252, 0.1249]],
       device='cuda:0', grad_fn=<SoftmaxBackward>)
tensor([[0.1247, 0.1250, 0.1251, 0.1252, 0.1252, 0.1250, 0.1248, 0.1250],
        [0.1250, 0.1250, 0.1252, 0.1249, 0.1249, 0.1250, 0.1252, 0.1249]],
       device='cuda:0', grad_fn=<SoftmaxBackward>)
tensor([[0.1247, 0.1250, 0.1251, 0.1252, 0.1252, 0.1250, 0.1248, 0.1250],
        [0.1250, 0.1250, 0.1252, 0.1249, 0.1249, 0.1250, 0.1252, 0.1249]],
       device='cuda:0', grad_fn=<SoftmaxBackward>)
tensor([[0.1247, 0.1250, 0.1251, 0.1252, 0.1252, 0.1250, 0.1248, 0.1250],
        [0.1250, 0.1250, 0.1252, 0.1249, 0.1249, 0.1250, 0.1252, 0.1249]],
       device='cuda:0', grad_fn=<SoftmaxBackward>)
tensor([[0.1247, 0.1250, 0.1251, 0.1252, 0.1252, 0.1250, 0.1248, 0.1250],
        [0.1250, 0.1250, 0.1252, 0.1249, 0.1249, 0.1250, 0.1252, 0.1249]],
       device='cuda:0', grad_fn=<SoftmaxBackward>)
tensor([[0.1247, 0.1250, 0.1251, 0.1252, 0.1252, 0.1250, 0.1248, 0.1250],
        [0.1250, 0.1250, 0.1252, 0.1249, 0.1249, 0.1250, 0.1252, 0.1249]],
       device='cuda:0', grad_fn=<SoftmaxBackward>)
tensor([[0.1250, 0.1251, 0.1249, 0.1250, 0.1248, 0.1249, 0.1251, 0.1252],
        [0.1250, 0.1250, 0.1251, 0.1251, 0.1249, 0.1250, 0.1246, 0.1252],
        [0.1250, 0.1249, 0.1251, 0.1251, 0.1249, 0.1249, 0.1253, 0.1248]],
       device='cuda:0', grad_fn=<SoftmaxBackward>)
tensor([[0.1250, 0.1251, 0.1249, 0.1250, 0.1248, 0.1249, 0.1251, 0.1252],
        [0.1250, 0.1250, 0.1251, 0.1251, 0.1249, 0.1250, 0.1246, 0.1252],
        [0.1250, 0.1249, 0.1251, 0.1251, 0.1249, 0.1249, 0.1253, 0.1248]],
       device='cuda:0', grad_fn=<SoftmaxBackward>)
tensor([[0.1250, 0.1251, 0.1249, 0.1250, 0.1248, 0.1249, 0.1251, 0.1252],
        [0.1250, 0.1250, 0.1251, 0.1251, 0.1249, 0.1250, 0.1246, 0.1252],
        [0.1250, 0.1249, 0.1251, 0.1251, 0.1249, 0.1249, 0.1253, 0.1248]],
       device='cuda:0', grad_fn=<SoftmaxBackward>)
tensor([[0.1250, 0.1251, 0.1249, 0.1250, 0.1248, 0.1249, 0.1251, 0.1252],
        [0.1250, 0.1250, 0.1251, 0.1251, 0.1249, 0.1250, 0.1246, 0.1252],
        [0.1250, 0.1249, 0.1251, 0.1251, 0.1249, 0.1249, 0.1253, 0.1248]],
       device='cuda:0', grad_fn=<SoftmaxBackward>)
tensor([[0.1250, 0.1251, 0.1249, 0.1250, 0.1248, 0.1249, 0.1251, 0.1252],
        [0.1250, 0.1250, 0.1251, 0.1251, 0.1249, 0.1250, 0.1246, 0.1252],
        [0.1250, 0.1249, 0.1251, 0.1251, 0.1249, 0.1249, 0.1253, 0.1248]],
       device='cuda:0', grad_fn=<SoftmaxBackward>)
tensor([[0.1250, 0.1251, 0.1249, 0.1250, 0.1248, 0.1249, 0.1251, 0.1252],
        [0.1250, 0.1250, 0.1251, 0.1251, 0.1249, 0.1250, 0.1246, 0.1252],
        [0.1250, 0.1249, 0.1251, 0.1251, 0.1249, 0.1249, 0.1253, 0.1248]],
       device='cuda:0', grad_fn=<SoftmaxBackward>)
tensor([[0.1250, 0.1251, 0.1249, 0.1250, 0.1248, 0.1249, 0.1251, 0.1252],
        [0.1250, 0.1250, 0.1251, 0.1251, 0.1249, 0.1250, 0.1246, 0.1252],
        [0.1250, 0.1249, 0.1251, 0.1251, 0.1249, 0.1249, 0.1253, 0.1248]],
       device='cuda:0', grad_fn=<SoftmaxBackward>)
tensor([[0.1250, 0.1251, 0.1249, 0.1250, 0.1248, 0.1249, 0.1251, 0.1252],
        [0.1250, 0.1250, 0.1251, 0.1251, 0.1249, 0.1250, 0.1246, 0.1252],
        [0.1250, 0.1249, 0.1251, 0.1251, 0.1249, 0.1249, 0.1253, 0.1248]],
       device='cuda:0', grad_fn=<SoftmaxBackward>)
tensor([[0.1251, 0.1249, 0.1250, 0.1250, 0.1250, 0.1249, 0.1250, 0.1252],
        [0.1249, 0.1249, 0.1249, 0.1250, 0.1250, 0.1251, 0.1251, 0.1249],
        [0.1249, 0.1252, 0.1250, 0.1250, 0.1251, 0.1249, 0.1250, 0.1249],
        [0.1251, 0.1249, 0.1249, 0.1250, 0.1250, 0.1250, 0.1251, 0.1251]],
       device='cuda:0', grad_fn=<SoftmaxBackward>)
tensor([[0.1251, 0.1249, 0.1250, 0.1250, 0.1250, 0.1249, 0.1250, 0.1252],
        [0.1249, 0.1249, 0.1249, 0.1250, 0.1250, 0.1251, 0.1251, 0.1249],
        [0.1249, 0.1252, 0.1250, 0.1250, 0.1251, 0.1249, 0.1250, 0.1249],
        [0.1251, 0.1249, 0.1249, 0.1250, 0.1250, 0.1250, 0.1251, 0.1251]],
       device='cuda:0', grad_fn=<SoftmaxBackward>)
tensor([[0.1251, 0.1249, 0.1250, 0.1250, 0.1250, 0.1249, 0.1250, 0.1252],
        [0.1249, 0.1249, 0.1249, 0.1250, 0.1250, 0.1251, 0.1251, 0.1249],
        [0.1249, 0.1252, 0.1250, 0.1250, 0.1251, 0.1249, 0.1250, 0.1249],
        [0.1251, 0.1249, 0.1249, 0.1250, 0.1250, 0.1250, 0.1251, 0.1251]],
       device='cuda:0', grad_fn=<SoftmaxBackward>)
tensor([[0.1251, 0.1249, 0.1250, 0.1250, 0.1250, 0.1249, 0.1250, 0.1252],
        [0.1249, 0.1249, 0.1249, 0.1250, 0.1250, 0.1251, 0.1251, 0.1249],
        [0.1249, 0.1252, 0.1250, 0.1250, 0.1251, 0.1249, 0.1250, 0.1249],
        [0.1251, 0.1249, 0.1249, 0.1250, 0.1250, 0.1250, 0.1251, 0.1251]],
       device='cuda:0', grad_fn=<SoftmaxBackward>)
tensor([[0.1251, 0.1249, 0.1250, 0.1250, 0.1250, 0.1249, 0.1250, 0.1252],
        [0.1249, 0.1249, 0.1249, 0.1250, 0.1250, 0.1251, 0.1251, 0.1249],
        [0.1249, 0.1252, 0.1250, 0.1250, 0.1251, 0.1249, 0.1250, 0.1249],
        [0.1251, 0.1249, 0.1249, 0.1250, 0.1250, 0.1250, 0.1251, 0.1251]],
       device='cuda:0', grad_fn=<SoftmaxBackward>)
tensor([[0.1251, 0.1249, 0.1250, 0.1250, 0.1250, 0.1249, 0.1250, 0.1252],
        [0.1249, 0.1249, 0.1249, 0.1250, 0.1250, 0.1251, 0.1251, 0.1249],
        [0.1249, 0.1252, 0.1250, 0.1250, 0.1251, 0.1249, 0.1250, 0.1249],
        [0.1251, 0.1249, 0.1249, 0.1250, 0.1250, 0.1250, 0.1251, 0.1251]],
       device='cuda:0', grad_fn=<SoftmaxBackward>)
tensor([[0.1251, 0.1249, 0.1250, 0.1250, 0.1250, 0.1249, 0.1250, 0.1252],
        [0.1249, 0.1249, 0.1249, 0.1250, 0.1250, 0.1251, 0.1251, 0.1249],
        [0.1249, 0.1252, 0.1250, 0.1250, 0.1251, 0.1249, 0.1250, 0.1249],
        [0.1251, 0.1249, 0.1249, 0.1250, 0.1250, 0.1250, 0.1251, 0.1251]],
       device='cuda:0', grad_fn=<SoftmaxBackward>)
tensor([[0.1251, 0.1249, 0.1250, 0.1250, 0.1250, 0.1249, 0.1250, 0.1252],
        [0.1249, 0.1249, 0.1249, 0.1250, 0.1250, 0.1251, 0.1251, 0.1249],
        [0.1249, 0.1252, 0.1250, 0.1250, 0.1251, 0.1249, 0.1250, 0.1249],
        [0.1251, 0.1249, 0.1249, 0.1250, 0.1250, 0.1250, 0.1251, 0.1251]],
       device='cuda:0', grad_fn=<SoftmaxBackward>)
tensor([[0.1250, 0.1250, 0.1251, 0.1250, 0.1250, 0.1249, 0.1250, 0.1249],
        [0.1251, 0.1249, 0.1249, 0.1250, 0.1248, 0.1251, 0.1251, 0.1251],
        [0.1249, 0.1249, 0.1252, 0.1250, 0.1251, 0.1248, 0.1252, 0.1250],
        [0.1248, 0.1249, 0.1251, 0.1251, 0.1249, 0.1251, 0.1251, 0.1250],
        [0.1251, 0.1250, 0.1252, 0.1252, 0.1249, 0.1248, 0.1249, 0.1249]],
       device='cuda:0', grad_fn=<SoftmaxBackward>)
tensor([[0.1250, 0.1250, 0.1251, 0.1250, 0.1250, 0.1249, 0.1250, 0.1249],
        [0.1251, 0.1249, 0.1249, 0.1250, 0.1248, 0.1251, 0.1251, 0.1251],
        [0.1249, 0.1249, 0.1252, 0.1250, 0.1251, 0.1248, 0.1252, 0.1250],
        [0.1248, 0.1249, 0.1251, 0.1251, 0.1249, 0.1251, 0.1251, 0.1250],
        [0.1251, 0.1250, 0.1252, 0.1252, 0.1249, 0.1248, 0.1249, 0.1249]],
       device='cuda:0', grad_fn=<SoftmaxBackward>)
tensor([[0.1250, 0.1250, 0.1251, 0.1250, 0.1250, 0.1249, 0.1250, 0.1249],
        [0.1251, 0.1249, 0.1249, 0.1250, 0.1248, 0.1251, 0.1251, 0.1251],
        [0.1249, 0.1249, 0.1252, 0.1250, 0.1251, 0.1248, 0.1252, 0.1250],
        [0.1248, 0.1249, 0.1251, 0.1251, 0.1249, 0.1251, 0.1251, 0.1250],
        [0.1251, 0.1250, 0.1252, 0.1252, 0.1249, 0.1248, 0.1249, 0.1249]],
       device='cuda:0', grad_fn=<SoftmaxBackward>)
tensor([[0.1250, 0.1250, 0.1251, 0.1250, 0.1250, 0.1249, 0.1250, 0.1249],
        [0.1251, 0.1249, 0.1249, 0.1250, 0.1248, 0.1251, 0.1251, 0.1251],
        [0.1249, 0.1249, 0.1252, 0.1250, 0.1251, 0.1248, 0.1252, 0.1250],
        [0.1248, 0.1249, 0.1251, 0.1251, 0.1249, 0.1251, 0.1251, 0.1250],
        [0.1251, 0.1250, 0.1252, 0.1252, 0.1249, 0.1248, 0.1249, 0.1249]],
       device='cuda:0', grad_fn=<SoftmaxBackward>)
tensor([[0.1250, 0.1250, 0.1251, 0.1250, 0.1250, 0.1249, 0.1250, 0.1249],
        [0.1251, 0.1249, 0.1249, 0.1250, 0.1248, 0.1251, 0.1251, 0.1251],
        [0.1249, 0.1249, 0.1252, 0.1250, 0.1251, 0.1248, 0.1252, 0.1250],
        [0.1248, 0.1249, 0.1251, 0.1251, 0.1249, 0.1251, 0.1251, 0.1250],
        [0.1251, 0.1250, 0.1252, 0.1252, 0.1249, 0.1248, 0.1249, 0.1249]],
       device='cuda:0', grad_fn=<SoftmaxBackward>)
tensor([[0.1250, 0.1250, 0.1251, 0.1250, 0.1250, 0.1249, 0.1250, 0.1249],
        [0.1251, 0.1249, 0.1249, 0.1250, 0.1248, 0.1251, 0.1251, 0.1251],
        [0.1249, 0.1249, 0.1252, 0.1250, 0.1251, 0.1248, 0.1252, 0.1250],
        [0.1248, 0.1249, 0.1251, 0.1251, 0.1249, 0.1251, 0.1251, 0.1250],
        [0.1251, 0.1250, 0.1252, 0.1252, 0.1249, 0.1248, 0.1249, 0.1249]],
       device='cuda:0', grad_fn=<SoftmaxBackward>)
tensor([[0.1250, 0.1250, 0.1251, 0.1250, 0.1250, 0.1249, 0.1250, 0.1249],
        [0.1251, 0.1249, 0.1249, 0.1250, 0.1248, 0.1251, 0.1251, 0.1251],
        [0.1249, 0.1249, 0.1252, 0.1250, 0.1251, 0.1248, 0.1252, 0.1250],
        [0.1248, 0.1249, 0.1251, 0.1251, 0.1249, 0.1251, 0.1251, 0.1250],
        [0.1251, 0.1250, 0.1252, 0.1252, 0.1249, 0.1248, 0.1249, 0.1249]],
       device='cuda:0', grad_fn=<SoftmaxBackward>)
tensor([[0.1250, 0.1250, 0.1251, 0.1250, 0.1250, 0.1249, 0.1250, 0.1249],
        [0.1251, 0.1249, 0.1249, 0.1250, 0.1248, 0.1251, 0.1251, 0.1251],
        [0.1249, 0.1249, 0.1252, 0.1250, 0.1251, 0.1248, 0.1252, 0.1250],
        [0.1248, 0.1249, 0.1251, 0.1251, 0.1249, 0.1251, 0.1251, 0.1250],
        [0.1251, 0.1250, 0.1252, 0.1252, 0.1249, 0.1248, 0.1249, 0.1249]],
       device='cuda:0', grad_fn=<SoftmaxBackward>)
#####################
#####################
#####################
#####################
#####################
#####################
#####################
#####################
