08/02 10:11:23 AM | Logger is set 
08/02 10:11:23 AM | Logger without distribution
08/02 10:11:23 AM | Logger is set 
08/02 10:11:23 AM | Logger without distribution
08/02 10:11:46 AM | Initializing dataset used 23.65714693069458 basic time unit
08/02 10:11:46 AM | Initializing dataset used 23.660149812698364 basic time unit
08/02 10:11:46 AM | The training classes labels length :  751
08/02 10:11:46 AM | The training classes labels length :  751
08/02 10:12:43 AM | batch loading time example is 56.37927770614624
08/02 10:12:43 AM | batch loading time example is 56.37934970855713
####### ALPHA #######
# Alpha - normal
####### ALPHA #######
# Alpha - normal
tensor([[0.1251, 0.1250, 0.1251, 0.1249, 0.1249, 0.1251, 0.1251, 0.1248],
        [0.1251, 0.1250, 0.1250, 0.1249, 0.1250, 0.1250, 0.1251, 0.1250]],
       device='cuda:0', grad_fn=<SoftmaxBackward>)
tensor([[0.1251, 0.1250, 0.1251, 0.1249, 0.1249, 0.1251, 0.1251, 0.1248],
        [0.1251, 0.1250, 0.1250, 0.1249, 0.1250, 0.1250, 0.1251, 0.1250]],
       device='cuda:0', grad_fn=<SoftmaxBackward>)
tensor([[0.1248, 0.1251, 0.1250, 0.1249, 0.1253, 0.1250, 0.1248, 0.1251],
        [0.1251, 0.1249, 0.1249, 0.1251, 0.1250, 0.1249, 0.1250, 0.1252],
        [0.1248, 0.1250, 0.1251, 0.1252, 0.1248, 0.1251, 0.1248, 0.1252]],
       device='cuda:0', grad_fn=<SoftmaxBackward>)
tensor([[0.1248, 0.1251, 0.1250, 0.1249, 0.1253, 0.1250, 0.1248, 0.1251],
        [0.1251, 0.1249, 0.1249, 0.1251, 0.1250, 0.1249, 0.1250, 0.1252],
        [0.1248, 0.1250, 0.1251, 0.1252, 0.1248, 0.1251, 0.1248, 0.1252]],
       device='cuda:0', grad_fn=<SoftmaxBackward>)
tensor([[0.1250, 0.1248, 0.1253, 0.1250, 0.1251, 0.1249, 0.1251, 0.1249],
        [0.1251, 0.1249, 0.1250, 0.1251, 0.1250, 0.1247, 0.1252, 0.1250],
        [0.1249, 0.1251, 0.1249, 0.1251, 0.1251, 0.1249, 0.1250, 0.1248],
        [0.1251, 0.1249, 0.1249, 0.1251, 0.1249, 0.1251, 0.1250, 0.1249]],
       device='cuda:0', grad_fn=<SoftmaxBackward>)
tensor([[0.1250, 0.1248, 0.1253, 0.1250, 0.1251, 0.1249, 0.1251, 0.1249],
        [0.1251, 0.1249, 0.1250, 0.1251, 0.1250, 0.1247, 0.1252, 0.1250],
        [0.1249, 0.1251, 0.1249, 0.1251, 0.1251, 0.1249, 0.1250, 0.1248],
        [0.1251, 0.1249, 0.1249, 0.1251, 0.1249, 0.1251, 0.1250, 0.1249]],
       device='cuda:0', grad_fn=<SoftmaxBackward>)
tensor([[0.1252, 0.1251, 0.1248, 0.1251, 0.1251, 0.1250, 0.1250, 0.1247],
        [0.1250, 0.1250, 0.1250, 0.1249, 0.1249, 0.1252, 0.1250, 0.1251],
        [0.1251, 0.1248, 0.1251, 0.1249, 0.1251, 0.1250, 0.1250, 0.1250],
        [0.1248, 0.1251, 0.1253, 0.1247, 0.1250, 0.1251, 0.1249, 0.1250],
        [0.1252, 0.1250, 0.1249, 0.1250, 0.1249, 0.1251, 0.1249, 0.1249]],
       device='cuda:0', grad_fn=<SoftmaxBackward>)
tensor([[0.1252, 0.1251, 0.1248, 0.1251, 0.1251, 0.1250, 0.1250, 0.1247],
        [0.1250, 0.1250, 0.1250, 0.1249, 0.1249, 0.1252, 0.1250, 0.1251],
        [0.1251, 0.1248, 0.1251, 0.1249, 0.1251, 0.1250, 0.1250, 0.1250],
        [0.1248, 0.1251, 0.1253, 0.1247, 0.1250, 0.1251, 0.1249, 0.1250],
        [0.1252, 0.1250, 0.1249, 0.1250, 0.1249, 0.1251, 0.1249, 0.1249]],
       device='cuda:0', grad_fn=<SoftmaxBackward>)

# Alpha - reduce
tensor([[0.1247, 0.1250, 0.1251, 0.1252, 0.1252, 0.1250, 0.1248, 0.1250],
        [0.1250, 0.1250, 0.1252, 0.1249, 0.1249, 0.1250, 0.1252, 0.1249]],
       device='cuda:0', grad_fn=<SoftmaxBackward>)

# Alpha - reduce
tensor([[0.1250, 0.1251, 0.1249, 0.1250, 0.1248, 0.1249, 0.1251, 0.1252],
        [0.1250, 0.1250, 0.1251, 0.1251, 0.1249, 0.1250, 0.1246, 0.1252],
        [0.1250, 0.1249, 0.1251, 0.1251, 0.1249, 0.1249, 0.1253, 0.1248]],
       device='cuda:0', grad_fn=<SoftmaxBackward>)
tensor([[0.1247, 0.1250, 0.1251, 0.1252, 0.1252, 0.1250, 0.1248, 0.1250],
        [0.1250, 0.1250, 0.1252, 0.1249, 0.1249, 0.1250, 0.1252, 0.1249]],
       device='cuda:0', grad_fn=<SoftmaxBackward>)
tensor([[0.1251, 0.1249, 0.1250, 0.1250, 0.1250, 0.1249, 0.1250, 0.1252],
        [0.1249, 0.1249, 0.1249, 0.1250, 0.1250, 0.1251, 0.1251, 0.1249],
        [0.1249, 0.1252, 0.1250, 0.1250, 0.1251, 0.1249, 0.1250, 0.1249],
        [0.1251, 0.1249, 0.1249, 0.1250, 0.1250, 0.1250, 0.1251, 0.1251]],
       device='cuda:0', grad_fn=<SoftmaxBackward>)
tensor([[0.1250, 0.1251, 0.1249, 0.1250, 0.1248, 0.1249, 0.1251, 0.1252],
        [0.1250, 0.1250, 0.1251, 0.1251, 0.1249, 0.1250, 0.1246, 0.1252],
        [0.1250, 0.1249, 0.1251, 0.1251, 0.1249, 0.1249, 0.1253, 0.1248]],
       device='cuda:0', grad_fn=<SoftmaxBackward>)
tensor([[0.1250, 0.1250, 0.1251, 0.1250, 0.1250, 0.1249, 0.1250, 0.1249],
        [0.1251, 0.1249, 0.1249, 0.1250, 0.1248, 0.1251, 0.1251, 0.1251],
        [0.1249, 0.1249, 0.1252, 0.1250, 0.1251, 0.1248, 0.1252, 0.1250],
        [0.1248, 0.1249, 0.1251, 0.1251, 0.1249, 0.1251, 0.1251, 0.1250],
        [0.1251, 0.1250, 0.1252, 0.1252, 0.1249, 0.1248, 0.1249, 0.1249]],
       device='cuda:0', grad_fn=<SoftmaxBackward>)
tensor([[0.1251, 0.1249, 0.1250, 0.1250, 0.1250, 0.1249, 0.1250, 0.1252],
        [0.1249, 0.1249, 0.1249, 0.1250, 0.1250, 0.1251, 0.1251, 0.1249],
        [0.1249, 0.1252, 0.1250, 0.1250, 0.1251, 0.1249, 0.1250, 0.1249],
        [0.1251, 0.1249, 0.1249, 0.1250, 0.1250, 0.1250, 0.1251, 0.1251]],
       device='cuda:0', grad_fn=<SoftmaxBackward>)
#####################
tensor([[0.1250, 0.1250, 0.1251, 0.1250, 0.1250, 0.1249, 0.1250, 0.1249],
        [0.1251, 0.1249, 0.1249, 0.1250, 0.1248, 0.1251, 0.1251, 0.1251],
        [0.1249, 0.1249, 0.1252, 0.1250, 0.1251, 0.1248, 0.1252, 0.1250],
        [0.1248, 0.1249, 0.1251, 0.1251, 0.1249, 0.1251, 0.1251, 0.1250],
        [0.1251, 0.1250, 0.1252, 0.1252, 0.1249, 0.1248, 0.1249, 0.1249]],
       device='cuda:0', grad_fn=<SoftmaxBackward>)
#####################
08/02 10:16:44 AM | Logger is set 
08/02 10:16:44 AM | Logger without distribution
08/02 10:16:44 AM | Logger is set 
08/02 10:16:44 AM | Logger without distribution
08/02 10:16:44 AM | Logger is set 
08/02 10:16:44 AM | Logger without distribution
08/02 10:16:44 AM | Logger is set 
08/02 10:16:44 AM | Logger without distribution
08/02 10:16:44 AM | Logger is set 
08/02 10:16:44 AM | Logger without distribution
08/02 10:16:44 AM | Logger is set 
08/02 10:16:44 AM | Logger without distribution
08/02 10:16:44 AM | Logger is set 
08/02 10:16:44 AM | Logger without distribution
08/02 10:16:44 AM | Logger is set 
08/02 10:16:44 AM | Logger without distribution
08/02 10:17:34 AM | Initializing dataset used 49.754087924957275 basic time unit
08/02 10:17:34 AM | Initializing dataset used 49.75726008415222 basic time unit
08/02 10:17:34 AM | Initializing dataset used 49.76059913635254 basic time unit
08/02 10:17:34 AM | Initializing dataset used 49.763935804367065 basic time unit
08/02 10:17:34 AM | Initializing dataset used 49.763869285583496 basic time unit
08/02 10:17:34 AM | Initializing dataset used 49.764164686203 basic time unit
08/02 10:17:34 AM | Initializing dataset used 49.767231702804565 basic time unit
08/02 10:17:34 AM | The training classes labels length :  751
08/02 10:17:34 AM | The training classes labels length :  751
08/02 10:17:34 AM | The training classes labels length :  751
08/02 10:17:34 AM | The training classes labels length :  751
08/02 10:17:34 AM | The training classes labels length :  751
08/02 10:17:34 AM | The training classes labels length :  751
08/02 10:17:34 AM | The training classes labels length :  751
08/02 10:17:34 AM | Initializing dataset used 49.804279804229736 basic time unit
08/02 10:17:34 AM | The training classes labels length :  751
08/02 10:19:33 AM | batch loading time example is 119.12833452224731
08/02 10:19:33 AM | batch loading time example is 119.12936782836914
08/02 10:19:33 AM | batch loading time example is 119.12971067428589
08/02 10:19:33 AM | batch loading time example is 119.1576623916626
08/02 10:19:33 AM | batch loading time example is 119.15796542167664
08/02 10:19:33 AM | batch loading time example is 119.15822553634644
08/02 10:19:33 AM | batch loading time example is 119.15824747085571
08/02 10:19:33 AM | batch loading time example is 119.131662607193
####### ALPHA #######
####### ALPHA #######
# Alpha - normal
# Alpha - normal
####### ALPHA #######
####### ALPHA #######
# Alpha - normal
# Alpha - normal
####### ALPHA #######
# Alpha - normal
####### ALPHA #######
# Alpha - normal
####### ALPHA #######
# Alpha - normal
####### ALPHA #######
# Alpha - normal
tensor([[0.1251, 0.1250, 0.1251, 0.1249, 0.1249, 0.1251, 0.1251, 0.1248],
        [0.1251, 0.1250, 0.1250, 0.1249, 0.1250, 0.1250, 0.1251, 0.1250]],
       device='cuda:0', grad_fn=<SoftmaxBackward>)
tensor([[0.1251, 0.1250, 0.1251, 0.1249, 0.1249, 0.1251, 0.1251, 0.1248],
        [0.1251, 0.1250, 0.1250, 0.1249, 0.1250, 0.1250, 0.1251, 0.1250]],
       device='cuda:0', grad_fn=<SoftmaxBackward>)
tensor([[0.1251, 0.1250, 0.1251, 0.1249, 0.1249, 0.1251, 0.1251, 0.1248],
        [0.1251, 0.1250, 0.1250, 0.1249, 0.1250, 0.1250, 0.1251, 0.1250]],
       device='cuda:0', grad_fn=<SoftmaxBackward>)
tensor([[0.1251, 0.1250, 0.1251, 0.1249, 0.1249, 0.1251, 0.1251, 0.1248],
        [0.1251, 0.1250, 0.1250, 0.1249, 0.1250, 0.1250, 0.1251, 0.1250]],
       device='cuda:0', grad_fn=<SoftmaxBackward>)
tensor([[0.1251, 0.1250, 0.1251, 0.1249, 0.1249, 0.1251, 0.1251, 0.1248],
        [0.1251, 0.1250, 0.1250, 0.1249, 0.1250, 0.1250, 0.1251, 0.1250]],
       device='cuda:0', grad_fn=<SoftmaxBackward>)
tensor([[0.1251, 0.1250, 0.1251, 0.1249, 0.1249, 0.1251, 0.1251, 0.1248],
        [0.1251, 0.1250, 0.1250, 0.1249, 0.1250, 0.1250, 0.1251, 0.1250]],
       device='cuda:0', grad_fn=<SoftmaxBackward>)
tensor([[0.1251, 0.1250, 0.1251, 0.1249, 0.1249, 0.1251, 0.1251, 0.1248],
        [0.1251, 0.1250, 0.1250, 0.1249, 0.1250, 0.1250, 0.1251, 0.1250]],
       device='cuda:0', grad_fn=<SoftmaxBackward>)
tensor([[0.1251, 0.1250, 0.1251, 0.1249, 0.1249, 0.1251, 0.1251, 0.1248],
        [0.1251, 0.1250, 0.1250, 0.1249, 0.1250, 0.1250, 0.1251, 0.1250]],
       device='cuda:0', grad_fn=<SoftmaxBackward>)
tensor([[0.1248, 0.1251, 0.1250, 0.1249, 0.1253, 0.1250, 0.1248, 0.1251],
        [0.1251, 0.1249, 0.1249, 0.1251, 0.1250, 0.1249, 0.1250, 0.1252],
        [0.1248, 0.1250, 0.1251, 0.1252, 0.1248, 0.1251, 0.1248, 0.1252]],
       device='cuda:0', grad_fn=<SoftmaxBackward>)
tensor([[0.1248, 0.1251, 0.1250, 0.1249, 0.1253, 0.1250, 0.1248, 0.1251],
        [0.1251, 0.1249, 0.1249, 0.1251, 0.1250, 0.1249, 0.1250, 0.1252],
        [0.1248, 0.1250, 0.1251, 0.1252, 0.1248, 0.1251, 0.1248, 0.1252]],
       device='cuda:0', grad_fn=<SoftmaxBackward>)
tensor([[0.1248, 0.1251, 0.1250, 0.1249, 0.1253, 0.1250, 0.1248, 0.1251],
        [0.1251, 0.1249, 0.1249, 0.1251, 0.1250, 0.1249, 0.1250, 0.1252],
        [0.1248, 0.1250, 0.1251, 0.1252, 0.1248, 0.1251, 0.1248, 0.1252]],
       device='cuda:0', grad_fn=<SoftmaxBackward>)
tensor([[0.1248, 0.1251, 0.1250, 0.1249, 0.1253, 0.1250, 0.1248, 0.1251],
        [0.1251, 0.1249, 0.1249, 0.1251, 0.1250, 0.1249, 0.1250, 0.1252],
        [0.1248, 0.1250, 0.1251, 0.1252, 0.1248, 0.1251, 0.1248, 0.1252]],
       device='cuda:0', grad_fn=<SoftmaxBackward>)
tensor([[0.1248, 0.1251, 0.1250, 0.1249, 0.1253, 0.1250, 0.1248, 0.1251],
        [0.1251, 0.1249, 0.1249, 0.1251, 0.1250, 0.1249, 0.1250, 0.1252],
        [0.1248, 0.1250, 0.1251, 0.1252, 0.1248, 0.1251, 0.1248, 0.1252]],
       device='cuda:0', grad_fn=<SoftmaxBackward>)
tensor([[0.1248, 0.1251, 0.1250, 0.1249, 0.1253, 0.1250, 0.1248, 0.1251],
        [0.1251, 0.1249, 0.1249, 0.1251, 0.1250, 0.1249, 0.1250, 0.1252],
        [0.1248, 0.1250, 0.1251, 0.1252, 0.1248, 0.1251, 0.1248, 0.1252]],
       device='cuda:0', grad_fn=<SoftmaxBackward>)
tensor([[0.1248, 0.1251, 0.1250, 0.1249, 0.1253, 0.1250, 0.1248, 0.1251],
        [0.1251, 0.1249, 0.1249, 0.1251, 0.1250, 0.1249, 0.1250, 0.1252],
        [0.1248, 0.1250, 0.1251, 0.1252, 0.1248, 0.1251, 0.1248, 0.1252]],
       device='cuda:0', grad_fn=<SoftmaxBackward>)
tensor([[0.1248, 0.1251, 0.1250, 0.1249, 0.1253, 0.1250, 0.1248, 0.1251],
        [0.1251, 0.1249, 0.1249, 0.1251, 0.1250, 0.1249, 0.1250, 0.1252],
        [0.1248, 0.1250, 0.1251, 0.1252, 0.1248, 0.1251, 0.1248, 0.1252]],
       device='cuda:0', grad_fn=<SoftmaxBackward>)
tensor([[0.1250, 0.1248, 0.1253, 0.1250, 0.1251, 0.1249, 0.1251, 0.1249],
        [0.1251, 0.1249, 0.1250, 0.1251, 0.1250, 0.1247, 0.1252, 0.1250],
        [0.1249, 0.1251, 0.1249, 0.1251, 0.1251, 0.1249, 0.1250, 0.1248],
        [0.1251, 0.1249, 0.1249, 0.1251, 0.1249, 0.1251, 0.1250, 0.1249]],
       device='cuda:0', grad_fn=<SoftmaxBackward>)
tensor([[0.1250, 0.1248, 0.1253, 0.1250, 0.1251, 0.1249, 0.1251, 0.1249],
        [0.1251, 0.1249, 0.1250, 0.1251, 0.1250, 0.1247, 0.1252, 0.1250],
        [0.1249, 0.1251, 0.1249, 0.1251, 0.1251, 0.1249, 0.1250, 0.1248],
        [0.1251, 0.1249, 0.1249, 0.1251, 0.1249, 0.1251, 0.1250, 0.1249]],
       device='cuda:0', grad_fn=<SoftmaxBackward>)
tensor([[0.1250, 0.1248, 0.1253, 0.1250, 0.1251, 0.1249, 0.1251, 0.1249],
        [0.1251, 0.1249, 0.1250, 0.1251, 0.1250, 0.1247, 0.1252, 0.1250],
        [0.1249, 0.1251, 0.1249, 0.1251, 0.1251, 0.1249, 0.1250, 0.1248],
        [0.1251, 0.1249, 0.1249, 0.1251, 0.1249, 0.1251, 0.1250, 0.1249]],
       device='cuda:0', grad_fn=<SoftmaxBackward>)
tensor([[0.1250, 0.1248, 0.1253, 0.1250, 0.1251, 0.1249, 0.1251, 0.1249],
        [0.1251, 0.1249, 0.1250, 0.1251, 0.1250, 0.1247, 0.1252, 0.1250],
        [0.1249, 0.1251, 0.1249, 0.1251, 0.1251, 0.1249, 0.1250, 0.1248],
        [0.1251, 0.1249, 0.1249, 0.1251, 0.1249, 0.1251, 0.1250, 0.1249]],
       device='cuda:0', grad_fn=<SoftmaxBackward>)
tensor([[0.1250, 0.1248, 0.1253, 0.1250, 0.1251, 0.1249, 0.1251, 0.1249],
        [0.1251, 0.1249, 0.1250, 0.1251, 0.1250, 0.1247, 0.1252, 0.1250],
        [0.1249, 0.1251, 0.1249, 0.1251, 0.1251, 0.1249, 0.1250, 0.1248],
        [0.1251, 0.1249, 0.1249, 0.1251, 0.1249, 0.1251, 0.1250, 0.1249]],
       device='cuda:0', grad_fn=<SoftmaxBackward>)
tensor([[0.1250, 0.1248, 0.1253, 0.1250, 0.1251, 0.1249, 0.1251, 0.1249],
        [0.1251, 0.1249, 0.1250, 0.1251, 0.1250, 0.1247, 0.1252, 0.1250],
        [0.1249, 0.1251, 0.1249, 0.1251, 0.1251, 0.1249, 0.1250, 0.1248],
        [0.1251, 0.1249, 0.1249, 0.1251, 0.1249, 0.1251, 0.1250, 0.1249]],
       device='cuda:0', grad_fn=<SoftmaxBackward>)
tensor([[0.1250, 0.1248, 0.1253, 0.1250, 0.1251, 0.1249, 0.1251, 0.1249],
        [0.1251, 0.1249, 0.1250, 0.1251, 0.1250, 0.1247, 0.1252, 0.1250],
        [0.1249, 0.1251, 0.1249, 0.1251, 0.1251, 0.1249, 0.1250, 0.1248],
        [0.1251, 0.1249, 0.1249, 0.1251, 0.1249, 0.1251, 0.1250, 0.1249]],
       device='cuda:0', grad_fn=<SoftmaxBackward>)
tensor([[0.1250, 0.1248, 0.1253, 0.1250, 0.1251, 0.1249, 0.1251, 0.1249],
        [0.1251, 0.1249, 0.1250, 0.1251, 0.1250, 0.1247, 0.1252, 0.1250],
        [0.1249, 0.1251, 0.1249, 0.1251, 0.1251, 0.1249, 0.1250, 0.1248],
        [0.1251, 0.1249, 0.1249, 0.1251, 0.1249, 0.1251, 0.1250, 0.1249]],
       device='cuda:0', grad_fn=<SoftmaxBackward>)
tensor([[0.1252, 0.1251, 0.1248, 0.1251, 0.1251, 0.1250, 0.1250, 0.1247],
        [0.1250, 0.1250, 0.1250, 0.1249, 0.1249, 0.1252, 0.1250, 0.1251],
        [0.1251, 0.1248, 0.1251, 0.1249, 0.1251, 0.1250, 0.1250, 0.1250],
        [0.1248, 0.1251, 0.1253, 0.1247, 0.1250, 0.1251, 0.1249, 0.1250],
        [0.1252, 0.1250, 0.1249, 0.1250, 0.1249, 0.1251, 0.1249, 0.1249]],
       device='cuda:0', grad_fn=<SoftmaxBackward>)
tensor([[0.1252, 0.1251, 0.1248, 0.1251, 0.1251, 0.1250, 0.1250, 0.1247],
        [0.1250, 0.1250, 0.1250, 0.1249, 0.1249, 0.1252, 0.1250, 0.1251],
        [0.1251, 0.1248, 0.1251, 0.1249, 0.1251, 0.1250, 0.1250, 0.1250],
        [0.1248, 0.1251, 0.1253, 0.1247, 0.1250, 0.1251, 0.1249, 0.1250],
        [0.1252, 0.1250, 0.1249, 0.1250, 0.1249, 0.1251, 0.1249, 0.1249]],
       device='cuda:0', grad_fn=<SoftmaxBackward>)
tensor([[0.1252, 0.1251, 0.1248, 0.1251, 0.1251, 0.1250, 0.1250, 0.1247],
        [0.1250, 0.1250, 0.1250, 0.1249, 0.1249, 0.1252, 0.1250, 0.1251],
        [0.1251, 0.1248, 0.1251, 0.1249, 0.1251, 0.1250, 0.1250, 0.1250],
        [0.1248, 0.1251, 0.1253, 0.1247, 0.1250, 0.1251, 0.1249, 0.1250],
        [0.1252, 0.1250, 0.1249, 0.1250, 0.1249, 0.1251, 0.1249, 0.1249]],
       device='cuda:0', grad_fn=<SoftmaxBackward>)
tensor([[0.1252, 0.1251, 0.1248, 0.1251, 0.1251, 0.1250, 0.1250, 0.1247],
        [0.1250, 0.1250, 0.1250, 0.1249, 0.1249, 0.1252, 0.1250, 0.1251],
        [0.1251, 0.1248, 0.1251, 0.1249, 0.1251, 0.1250, 0.1250, 0.1250],
        [0.1248, 0.1251, 0.1253, 0.1247, 0.1250, 0.1251, 0.1249, 0.1250],
        [0.1252, 0.1250, 0.1249, 0.1250, 0.1249, 0.1251, 0.1249, 0.1249]],
       device='cuda:0', grad_fn=<SoftmaxBackward>)
tensor([[0.1252, 0.1251, 0.1248, 0.1251, 0.1251, 0.1250, 0.1250, 0.1247],
        [0.1250, 0.1250, 0.1250, 0.1249, 0.1249, 0.1252, 0.1250, 0.1251],
        [0.1251, 0.1248, 0.1251, 0.1249, 0.1251, 0.1250, 0.1250, 0.1250],
        [0.1248, 0.1251, 0.1253, 0.1247, 0.1250, 0.1251, 0.1249, 0.1250],
        [0.1252, 0.1250, 0.1249, 0.1250, 0.1249, 0.1251, 0.1249, 0.1249]],
       device='cuda:0', grad_fn=<SoftmaxBackward>)
tensor([[0.1252, 0.1251, 0.1248, 0.1251, 0.1251, 0.1250, 0.1250, 0.1247],
        [0.1250, 0.1250, 0.1250, 0.1249, 0.1249, 0.1252, 0.1250, 0.1251],
        [0.1251, 0.1248, 0.1251, 0.1249, 0.1251, 0.1250, 0.1250, 0.1250],
        [0.1248, 0.1251, 0.1253, 0.1247, 0.1250, 0.1251, 0.1249, 0.1250],
        [0.1252, 0.1250, 0.1249, 0.1250, 0.1249, 0.1251, 0.1249, 0.1249]],
       device='cuda:0', grad_fn=<SoftmaxBackward>)
tensor([[0.1252, 0.1251, 0.1248, 0.1251, 0.1251, 0.1250, 0.1250, 0.1247],
        [0.1250, 0.1250, 0.1250, 0.1249, 0.1249, 0.1252, 0.1250, 0.1251],
        [0.1251, 0.1248, 0.1251, 0.1249, 0.1251, 0.1250, 0.1250, 0.1250],
        [0.1248, 0.1251, 0.1253, 0.1247, 0.1250, 0.1251, 0.1249, 0.1250],
        [0.1252, 0.1250, 0.1249, 0.1250, 0.1249, 0.1251, 0.1249, 0.1249]],
       device='cuda:0', grad_fn=<SoftmaxBackward>)
tensor([[0.1252, 0.1251, 0.1248, 0.1251, 0.1251, 0.1250, 0.1250, 0.1247],
        [0.1250, 0.1250, 0.1250, 0.1249, 0.1249, 0.1252, 0.1250, 0.1251],
        [0.1251, 0.1248, 0.1251, 0.1249, 0.1251, 0.1250, 0.1250, 0.1250],
        [0.1248, 0.1251, 0.1253, 0.1247, 0.1250, 0.1251, 0.1249, 0.1250],
        [0.1252, 0.1250, 0.1249, 0.1250, 0.1249, 0.1251, 0.1249, 0.1249]],
       device='cuda:0', grad_fn=<SoftmaxBackward>)

# Alpha - reduce

# Alpha - reduce

# Alpha - reduce

# Alpha - reduce

# Alpha - reduce

# Alpha - reduce

# Alpha - reduce

# Alpha - reduce
tensor([[0.1247, 0.1250, 0.1251, 0.1252, 0.1252, 0.1250, 0.1248, 0.1250],
        [0.1250, 0.1250, 0.1252, 0.1249, 0.1249, 0.1250, 0.1252, 0.1249]],
       device='cuda:0', grad_fn=<SoftmaxBackward>)
tensor([[0.1247, 0.1250, 0.1251, 0.1252, 0.1252, 0.1250, 0.1248, 0.1250],
        [0.1250, 0.1250, 0.1252, 0.1249, 0.1249, 0.1250, 0.1252, 0.1249]],
       device='cuda:0', grad_fn=<SoftmaxBackward>)
tensor([[0.1247, 0.1250, 0.1251, 0.1252, 0.1252, 0.1250, 0.1248, 0.1250],
        [0.1250, 0.1250, 0.1252, 0.1249, 0.1249, 0.1250, 0.1252, 0.1249]],
       device='cuda:0', grad_fn=<SoftmaxBackward>)
tensor([[0.1247, 0.1250, 0.1251, 0.1252, 0.1252, 0.1250, 0.1248, 0.1250],
        [0.1250, 0.1250, 0.1252, 0.1249, 0.1249, 0.1250, 0.1252, 0.1249]],
       device='cuda:0', grad_fn=<SoftmaxBackward>)
tensor([[0.1247, 0.1250, 0.1251, 0.1252, 0.1252, 0.1250, 0.1248, 0.1250],
        [0.1250, 0.1250, 0.1252, 0.1249, 0.1249, 0.1250, 0.1252, 0.1249]],
       device='cuda:0', grad_fn=<SoftmaxBackward>)
tensor([[0.1247, 0.1250, 0.1251, 0.1252, 0.1252, 0.1250, 0.1248, 0.1250],
        [0.1250, 0.1250, 0.1252, 0.1249, 0.1249, 0.1250, 0.1252, 0.1249]],
       device='cuda:0', grad_fn=<SoftmaxBackward>)
tensor([[0.1247, 0.1250, 0.1251, 0.1252, 0.1252, 0.1250, 0.1248, 0.1250],
        [0.1250, 0.1250, 0.1252, 0.1249, 0.1249, 0.1250, 0.1252, 0.1249]],
       device='cuda:0', grad_fn=<SoftmaxBackward>)
tensor([[0.1247, 0.1250, 0.1251, 0.1252, 0.1252, 0.1250, 0.1248, 0.1250],
        [0.1250, 0.1250, 0.1252, 0.1249, 0.1249, 0.1250, 0.1252, 0.1249]],
       device='cuda:0', grad_fn=<SoftmaxBackward>)
tensor([[0.1250, 0.1251, 0.1249, 0.1250, 0.1248, 0.1249, 0.1251, 0.1252],
        [0.1250, 0.1250, 0.1251, 0.1251, 0.1249, 0.1250, 0.1246, 0.1252],
        [0.1250, 0.1249, 0.1251, 0.1251, 0.1249, 0.1249, 0.1253, 0.1248]],
       device='cuda:0', grad_fn=<SoftmaxBackward>)
tensor([[0.1250, 0.1251, 0.1249, 0.1250, 0.1248, 0.1249, 0.1251, 0.1252],
        [0.1250, 0.1250, 0.1251, 0.1251, 0.1249, 0.1250, 0.1246, 0.1252],
        [0.1250, 0.1249, 0.1251, 0.1251, 0.1249, 0.1249, 0.1253, 0.1248]],
       device='cuda:0', grad_fn=<SoftmaxBackward>)
tensor([[0.1250, 0.1251, 0.1249, 0.1250, 0.1248, 0.1249, 0.1251, 0.1252],
        [0.1250, 0.1250, 0.1251, 0.1251, 0.1249, 0.1250, 0.1246, 0.1252],
        [0.1250, 0.1249, 0.1251, 0.1251, 0.1249, 0.1249, 0.1253, 0.1248]],
       device='cuda:0', grad_fn=<SoftmaxBackward>)
tensor([[0.1250, 0.1251, 0.1249, 0.1250, 0.1248, 0.1249, 0.1251, 0.1252],
        [0.1250, 0.1250, 0.1251, 0.1251, 0.1249, 0.1250, 0.1246, 0.1252],
        [0.1250, 0.1249, 0.1251, 0.1251, 0.1249, 0.1249, 0.1253, 0.1248]],
       device='cuda:0', grad_fn=<SoftmaxBackward>)
tensor([[0.1250, 0.1251, 0.1249, 0.1250, 0.1248, 0.1249, 0.1251, 0.1252],
        [0.1250, 0.1250, 0.1251, 0.1251, 0.1249, 0.1250, 0.1246, 0.1252],
        [0.1250, 0.1249, 0.1251, 0.1251, 0.1249, 0.1249, 0.1253, 0.1248]],
       device='cuda:0', grad_fn=<SoftmaxBackward>)
tensor([[0.1250, 0.1251, 0.1249, 0.1250, 0.1248, 0.1249, 0.1251, 0.1252],
        [0.1250, 0.1250, 0.1251, 0.1251, 0.1249, 0.1250, 0.1246, 0.1252],
        [0.1250, 0.1249, 0.1251, 0.1251, 0.1249, 0.1249, 0.1253, 0.1248]],
       device='cuda:0', grad_fn=<SoftmaxBackward>)
tensor([[0.1250, 0.1251, 0.1249, 0.1250, 0.1248, 0.1249, 0.1251, 0.1252],
        [0.1250, 0.1250, 0.1251, 0.1251, 0.1249, 0.1250, 0.1246, 0.1252],
        [0.1250, 0.1249, 0.1251, 0.1251, 0.1249, 0.1249, 0.1253, 0.1248]],
       device='cuda:0', grad_fn=<SoftmaxBackward>)
tensor([[0.1250, 0.1251, 0.1249, 0.1250, 0.1248, 0.1249, 0.1251, 0.1252],
        [0.1250, 0.1250, 0.1251, 0.1251, 0.1249, 0.1250, 0.1246, 0.1252],
        [0.1250, 0.1249, 0.1251, 0.1251, 0.1249, 0.1249, 0.1253, 0.1248]],
       device='cuda:0', grad_fn=<SoftmaxBackward>)
tensor([[0.1251, 0.1249, 0.1250, 0.1250, 0.1250, 0.1249, 0.1250, 0.1252],
        [0.1249, 0.1249, 0.1249, 0.1250, 0.1250, 0.1251, 0.1251, 0.1249],
        [0.1249, 0.1252, 0.1250, 0.1250, 0.1251, 0.1249, 0.1250, 0.1249],
        [0.1251, 0.1249, 0.1249, 0.1250, 0.1250, 0.1250, 0.1251, 0.1251]],
       device='cuda:0', grad_fn=<SoftmaxBackward>)
tensor([[0.1251, 0.1249, 0.1250, 0.1250, 0.1250, 0.1249, 0.1250, 0.1252],
        [0.1249, 0.1249, 0.1249, 0.1250, 0.1250, 0.1251, 0.1251, 0.1249],
        [0.1249, 0.1252, 0.1250, 0.1250, 0.1251, 0.1249, 0.1250, 0.1249],
        [0.1251, 0.1249, 0.1249, 0.1250, 0.1250, 0.1250, 0.1251, 0.1251]],
       device='cuda:0', grad_fn=<SoftmaxBackward>)
tensor([[0.1251, 0.1249, 0.1250, 0.1250, 0.1250, 0.1249, 0.1250, 0.1252],
        [0.1249, 0.1249, 0.1249, 0.1250, 0.1250, 0.1251, 0.1251, 0.1249],
        [0.1249, 0.1252, 0.1250, 0.1250, 0.1251, 0.1249, 0.1250, 0.1249],
        [0.1251, 0.1249, 0.1249, 0.1250, 0.1250, 0.1250, 0.1251, 0.1251]],
       device='cuda:0', grad_fn=<SoftmaxBackward>)
tensor([[0.1251, 0.1249, 0.1250, 0.1250, 0.1250, 0.1249, 0.1250, 0.1252],
        [0.1249, 0.1249, 0.1249, 0.1250, 0.1250, 0.1251, 0.1251, 0.1249],
        [0.1249, 0.1252, 0.1250, 0.1250, 0.1251, 0.1249, 0.1250, 0.1249],
        [0.1251, 0.1249, 0.1249, 0.1250, 0.1250, 0.1250, 0.1251, 0.1251]],
       device='cuda:0', grad_fn=<SoftmaxBackward>)
tensor([[0.1251, 0.1249, 0.1250, 0.1250, 0.1250, 0.1249, 0.1250, 0.1252],
        [0.1249, 0.1249, 0.1249, 0.1250, 0.1250, 0.1251, 0.1251, 0.1249],
        [0.1249, 0.1252, 0.1250, 0.1250, 0.1251, 0.1249, 0.1250, 0.1249],
        [0.1251, 0.1249, 0.1249, 0.1250, 0.1250, 0.1250, 0.1251, 0.1251]],
       device='cuda:0', grad_fn=<SoftmaxBackward>)
tensor([[0.1251, 0.1249, 0.1250, 0.1250, 0.1250, 0.1249, 0.1250, 0.1252],
        [0.1249, 0.1249, 0.1249, 0.1250, 0.1250, 0.1251, 0.1251, 0.1249],
        [0.1249, 0.1252, 0.1250, 0.1250, 0.1251, 0.1249, 0.1250, 0.1249],
        [0.1251, 0.1249, 0.1249, 0.1250, 0.1250, 0.1250, 0.1251, 0.1251]],
       device='cuda:0', grad_fn=<SoftmaxBackward>)
tensor([[0.1251, 0.1249, 0.1250, 0.1250, 0.1250, 0.1249, 0.1250, 0.1252],
        [0.1249, 0.1249, 0.1249, 0.1250, 0.1250, 0.1251, 0.1251, 0.1249],
        [0.1249, 0.1252, 0.1250, 0.1250, 0.1251, 0.1249, 0.1250, 0.1249],
        [0.1251, 0.1249, 0.1249, 0.1250, 0.1250, 0.1250, 0.1251, 0.1251]],
       device='cuda:0', grad_fn=<SoftmaxBackward>)
tensor([[0.1251, 0.1249, 0.1250, 0.1250, 0.1250, 0.1249, 0.1250, 0.1252],
        [0.1249, 0.1249, 0.1249, 0.1250, 0.1250, 0.1251, 0.1251, 0.1249],
        [0.1249, 0.1252, 0.1250, 0.1250, 0.1251, 0.1249, 0.1250, 0.1249],
        [0.1251, 0.1249, 0.1249, 0.1250, 0.1250, 0.1250, 0.1251, 0.1251]],
       device='cuda:0', grad_fn=<SoftmaxBackward>)
tensor([[0.1250, 0.1250, 0.1251, 0.1250, 0.1250, 0.1249, 0.1250, 0.1249],
        [0.1251, 0.1249, 0.1249, 0.1250, 0.1248, 0.1251, 0.1251, 0.1251],
        [0.1249, 0.1249, 0.1252, 0.1250, 0.1251, 0.1248, 0.1252, 0.1250],
        [0.1248, 0.1249, 0.1251, 0.1251, 0.1249, 0.1251, 0.1251, 0.1250],
        [0.1251, 0.1250, 0.1252, 0.1252, 0.1249, 0.1248, 0.1249, 0.1249]],
       device='cuda:0', grad_fn=<SoftmaxBackward>)
tensor([[0.1250, 0.1250, 0.1251, 0.1250, 0.1250, 0.1249, 0.1250, 0.1249],
        [0.1251, 0.1249, 0.1249, 0.1250, 0.1248, 0.1251, 0.1251, 0.1251],
        [0.1249, 0.1249, 0.1252, 0.1250, 0.1251, 0.1248, 0.1252, 0.1250],
        [0.1248, 0.1249, 0.1251, 0.1251, 0.1249, 0.1251, 0.1251, 0.1250],
        [0.1251, 0.1250, 0.1252, 0.1252, 0.1249, 0.1248, 0.1249, 0.1249]],
       device='cuda:0', grad_fn=<SoftmaxBackward>)
tensor([[0.1250, 0.1250, 0.1251, 0.1250, 0.1250, 0.1249, 0.1250, 0.1249],
        [0.1251, 0.1249, 0.1249, 0.1250, 0.1248, 0.1251, 0.1251, 0.1251],
        [0.1249, 0.1249, 0.1252, 0.1250, 0.1251, 0.1248, 0.1252, 0.1250],
        [0.1248, 0.1249, 0.1251, 0.1251, 0.1249, 0.1251, 0.1251, 0.1250],
        [0.1251, 0.1250, 0.1252, 0.1252, 0.1249, 0.1248, 0.1249, 0.1249]],
       device='cuda:0', grad_fn=<SoftmaxBackward>)
tensor([[0.1250, 0.1250, 0.1251, 0.1250, 0.1250, 0.1249, 0.1250, 0.1249],
        [0.1251, 0.1249, 0.1249, 0.1250, 0.1248, 0.1251, 0.1251, 0.1251],
        [0.1249, 0.1249, 0.1252, 0.1250, 0.1251, 0.1248, 0.1252, 0.1250],
        [0.1248, 0.1249, 0.1251, 0.1251, 0.1249, 0.1251, 0.1251, 0.1250],
        [0.1251, 0.1250, 0.1252, 0.1252, 0.1249, 0.1248, 0.1249, 0.1249]],
       device='cuda:0', grad_fn=<SoftmaxBackward>)
tensor([[0.1250, 0.1250, 0.1251, 0.1250, 0.1250, 0.1249, 0.1250, 0.1249],
        [0.1251, 0.1249, 0.1249, 0.1250, 0.1248, 0.1251, 0.1251, 0.1251],
        [0.1249, 0.1249, 0.1252, 0.1250, 0.1251, 0.1248, 0.1252, 0.1250],
        [0.1248, 0.1249, 0.1251, 0.1251, 0.1249, 0.1251, 0.1251, 0.1250],
        [0.1251, 0.1250, 0.1252, 0.1252, 0.1249, 0.1248, 0.1249, 0.1249]],
       device='cuda:0', grad_fn=<SoftmaxBackward>)
tensor([[0.1250, 0.1250, 0.1251, 0.1250, 0.1250, 0.1249, 0.1250, 0.1249],
        [0.1251, 0.1249, 0.1249, 0.1250, 0.1248, 0.1251, 0.1251, 0.1251],
        [0.1249, 0.1249, 0.1252, 0.1250, 0.1251, 0.1248, 0.1252, 0.1250],
        [0.1248, 0.1249, 0.1251, 0.1251, 0.1249, 0.1251, 0.1251, 0.1250],
        [0.1251, 0.1250, 0.1252, 0.1252, 0.1249, 0.1248, 0.1249, 0.1249]],
       device='cuda:0', grad_fn=<SoftmaxBackward>)
tensor([[0.1250, 0.1250, 0.1251, 0.1250, 0.1250, 0.1249, 0.1250, 0.1249],
        [0.1251, 0.1249, 0.1249, 0.1250, 0.1248, 0.1251, 0.1251, 0.1251],
        [0.1249, 0.1249, 0.1252, 0.1250, 0.1251, 0.1248, 0.1252, 0.1250],
        [0.1248, 0.1249, 0.1251, 0.1251, 0.1249, 0.1251, 0.1251, 0.1250],
        [0.1251, 0.1250, 0.1252, 0.1252, 0.1249, 0.1248, 0.1249, 0.1249]],
       device='cuda:0', grad_fn=<SoftmaxBackward>)
tensor([[0.1250, 0.1250, 0.1251, 0.1250, 0.1250, 0.1249, 0.1250, 0.1249],
        [0.1251, 0.1249, 0.1249, 0.1250, 0.1248, 0.1251, 0.1251, 0.1251],
        [0.1249, 0.1249, 0.1252, 0.1250, 0.1251, 0.1248, 0.1252, 0.1250],
        [0.1248, 0.1249, 0.1251, 0.1251, 0.1249, 0.1251, 0.1251, 0.1250],
        [0.1251, 0.1250, 0.1252, 0.1252, 0.1249, 0.1248, 0.1249, 0.1249]],
       device='cuda:0', grad_fn=<SoftmaxBackward>)
#####################
#####################
#####################
#####################
#####################
#####################
#####################
#####################
08/02 10:26:27 AM | Logger is set 
08/02 10:26:27 AM | Logger without distribution
08/02 10:26:27 AM | Logger is set 
08/02 10:26:27 AM | Logger without distribution
08/02 10:26:27 AM | Logger is set 
08/02 10:26:27 AM | Logger without distribution
08/02 10:26:27 AM | Logger is set 
08/02 10:26:27 AM | Logger without distribution
08/02 10:26:27 AM | Logger is set 
08/02 10:26:27 AM | Logger without distribution
08/02 10:26:27 AM | Logger is set 
08/02 10:26:27 AM | Logger without distribution
08/02 10:26:27 AM | Logger is set 
08/02 10:26:27 AM | Logger without distribution
08/02 10:26:27 AM | Logger is set 
08/02 10:26:27 AM | Logger without distribution
08/02 10:27:18 AM | Initializing dataset used 50.79503631591797 basic time unit
08/02 10:27:18 AM | Initializing dataset used 50.77383899688721 basic time unit
08/02 10:27:18 AM | Initializing dataset used 50.8015878200531 basic time unit
08/02 10:27:18 AM | Initializing dataset used 50.793919801712036 basic time unit
08/02 10:27:18 AM | Initializing dataset used 50.80393409729004 basic time unit
08/02 10:27:18 AM | Initializing dataset used 50.780667543411255 basic time unit
08/02 10:27:18 AM | Initializing dataset used 50.81397867202759 basic time unit
08/02 10:27:18 AM | Initializing dataset used 50.800616979599 basic time unit
08/02 10:27:18 AM | The training classes labels length :  751
08/02 10:27:18 AM | The training classes labels length :  751
08/02 10:27:18 AM | The training classes labels length :  751
08/02 10:27:18 AM | The training classes labels length :  751
08/02 10:27:18 AM | The training classes labels length :  751
08/02 10:27:18 AM | The training classes labels length :  751
08/02 10:27:18 AM | The training classes labels length :  751
08/02 10:27:18 AM | The training classes labels length :  751
08/02 10:29:16 AM | batch loading time example is 118.12446141242981
08/02 10:29:16 AM | batch loading time example is 118.1488573551178
08/02 10:29:16 AM | batch loading time example is 118.149174451828
08/02 10:29:16 AM | batch loading time example is 118.14917325973511
08/02 10:29:16 AM | batch loading time example is 118.14973974227905
08/02 10:29:16 AM | batch loading time example is 118.14999914169312
08/02 10:29:16 AM | batch loading time example is 118.15002727508545
08/02 10:29:16 AM | batch loading time example is 118.15003490447998
####### ALPHA #######
# Alpha - normal
####### ALPHA #######
# Alpha - normal
####### ALPHA #######
# Alpha - normal
####### ALPHA #######
# Alpha - normal
####### ALPHA #######
# Alpha - normal
####### ALPHA #######
# Alpha - normal
####### ALPHA #######
# Alpha - normal
####### ALPHA #######
# Alpha - normal
tensor([[0.1251, 0.1250, 0.1251, 0.1249, 0.1249, 0.1251, 0.1251, 0.1248],
        [0.1251, 0.1250, 0.1250, 0.1249, 0.1250, 0.1250, 0.1251, 0.1250]],
       device='cuda:0', grad_fn=<SoftmaxBackward>)
tensor([[0.1251, 0.1250, 0.1251, 0.1249, 0.1249, 0.1251, 0.1251, 0.1248],
        [0.1251, 0.1250, 0.1250, 0.1249, 0.1250, 0.1250, 0.1251, 0.1250]],
       device='cuda:0', grad_fn=<SoftmaxBackward>)
tensor([[0.1251, 0.1250, 0.1251, 0.1249, 0.1249, 0.1251, 0.1251, 0.1248],
        [0.1251, 0.1250, 0.1250, 0.1249, 0.1250, 0.1250, 0.1251, 0.1250]],
       device='cuda:0', grad_fn=<SoftmaxBackward>)
tensor([[0.1251, 0.1250, 0.1251, 0.1249, 0.1249, 0.1251, 0.1251, 0.1248],
        [0.1251, 0.1250, 0.1250, 0.1249, 0.1250, 0.1250, 0.1251, 0.1250]],
       device='cuda:0', grad_fn=<SoftmaxBackward>)
tensor([[0.1251, 0.1250, 0.1251, 0.1249, 0.1249, 0.1251, 0.1251, 0.1248],
        [0.1251, 0.1250, 0.1250, 0.1249, 0.1250, 0.1250, 0.1251, 0.1250]],
       device='cuda:0', grad_fn=<SoftmaxBackward>)
tensor([[0.1251, 0.1250, 0.1251, 0.1249, 0.1249, 0.1251, 0.1251, 0.1248],
        [0.1251, 0.1250, 0.1250, 0.1249, 0.1250, 0.1250, 0.1251, 0.1250]],
       device='cuda:0', grad_fn=<SoftmaxBackward>)
tensor([[0.1251, 0.1250, 0.1251, 0.1249, 0.1249, 0.1251, 0.1251, 0.1248],
        [0.1251, 0.1250, 0.1250, 0.1249, 0.1250, 0.1250, 0.1251, 0.1250]],
       device='cuda:0', grad_fn=<SoftmaxBackward>)
tensor([[0.1251, 0.1250, 0.1251, 0.1249, 0.1249, 0.1251, 0.1251, 0.1248],
        [0.1251, 0.1250, 0.1250, 0.1249, 0.1250, 0.1250, 0.1251, 0.1250]],
       device='cuda:0', grad_fn=<SoftmaxBackward>)
tensor([[0.1248, 0.1251, 0.1250, 0.1249, 0.1253, 0.1250, 0.1248, 0.1251],
        [0.1251, 0.1249, 0.1249, 0.1251, 0.1250, 0.1249, 0.1250, 0.1252],
        [0.1248, 0.1250, 0.1251, 0.1252, 0.1248, 0.1251, 0.1248, 0.1252]],
       device='cuda:0', grad_fn=<SoftmaxBackward>)
tensor([[0.1248, 0.1251, 0.1250, 0.1249, 0.1253, 0.1250, 0.1248, 0.1251],
        [0.1251, 0.1249, 0.1249, 0.1251, 0.1250, 0.1249, 0.1250, 0.1252],
        [0.1248, 0.1250, 0.1251, 0.1252, 0.1248, 0.1251, 0.1248, 0.1252]],
       device='cuda:0', grad_fn=<SoftmaxBackward>)
tensor([[0.1248, 0.1251, 0.1250, 0.1249, 0.1253, 0.1250, 0.1248, 0.1251],
        [0.1251, 0.1249, 0.1249, 0.1251, 0.1250, 0.1249, 0.1250, 0.1252],
        [0.1248, 0.1250, 0.1251, 0.1252, 0.1248, 0.1251, 0.1248, 0.1252]],
       device='cuda:0', grad_fn=<SoftmaxBackward>)
tensor([[0.1248, 0.1251, 0.1250, 0.1249, 0.1253, 0.1250, 0.1248, 0.1251],
        [0.1251, 0.1249, 0.1249, 0.1251, 0.1250, 0.1249, 0.1250, 0.1252],
        [0.1248, 0.1250, 0.1251, 0.1252, 0.1248, 0.1251, 0.1248, 0.1252]],
       device='cuda:0', grad_fn=<SoftmaxBackward>)
tensor([[0.1248, 0.1251, 0.1250, 0.1249, 0.1253, 0.1250, 0.1248, 0.1251],
        [0.1251, 0.1249, 0.1249, 0.1251, 0.1250, 0.1249, 0.1250, 0.1252],
        [0.1248, 0.1250, 0.1251, 0.1252, 0.1248, 0.1251, 0.1248, 0.1252]],
       device='cuda:0', grad_fn=<SoftmaxBackward>)
tensor([[0.1248, 0.1251, 0.1250, 0.1249, 0.1253, 0.1250, 0.1248, 0.1251],
        [0.1251, 0.1249, 0.1249, 0.1251, 0.1250, 0.1249, 0.1250, 0.1252],
        [0.1248, 0.1250, 0.1251, 0.1252, 0.1248, 0.1251, 0.1248, 0.1252]],
       device='cuda:0', grad_fn=<SoftmaxBackward>)
tensor([[0.1248, 0.1251, 0.1250, 0.1249, 0.1253, 0.1250, 0.1248, 0.1251],
        [0.1251, 0.1249, 0.1249, 0.1251, 0.1250, 0.1249, 0.1250, 0.1252],
        [0.1248, 0.1250, 0.1251, 0.1252, 0.1248, 0.1251, 0.1248, 0.1252]],
       device='cuda:0', grad_fn=<SoftmaxBackward>)
tensor([[0.1248, 0.1251, 0.1250, 0.1249, 0.1253, 0.1250, 0.1248, 0.1251],
        [0.1251, 0.1249, 0.1249, 0.1251, 0.1250, 0.1249, 0.1250, 0.1252],
        [0.1248, 0.1250, 0.1251, 0.1252, 0.1248, 0.1251, 0.1248, 0.1252]],
       device='cuda:0', grad_fn=<SoftmaxBackward>)
tensor([[0.1250, 0.1248, 0.1253, 0.1250, 0.1251, 0.1249, 0.1251, 0.1249],
        [0.1251, 0.1249, 0.1250, 0.1251, 0.1250, 0.1247, 0.1252, 0.1250],
        [0.1249, 0.1251, 0.1249, 0.1251, 0.1251, 0.1249, 0.1250, 0.1248],
        [0.1251, 0.1249, 0.1249, 0.1251, 0.1249, 0.1251, 0.1250, 0.1249]],
       device='cuda:0', grad_fn=<SoftmaxBackward>)
tensor([[0.1250, 0.1248, 0.1253, 0.1250, 0.1251, 0.1249, 0.1251, 0.1249],
        [0.1251, 0.1249, 0.1250, 0.1251, 0.1250, 0.1247, 0.1252, 0.1250],
        [0.1249, 0.1251, 0.1249, 0.1251, 0.1251, 0.1249, 0.1250, 0.1248],
        [0.1251, 0.1249, 0.1249, 0.1251, 0.1249, 0.1251, 0.1250, 0.1249]],
       device='cuda:0', grad_fn=<SoftmaxBackward>)
tensor([[0.1250, 0.1248, 0.1253, 0.1250, 0.1251, 0.1249, 0.1251, 0.1249],
        [0.1251, 0.1249, 0.1250, 0.1251, 0.1250, 0.1247, 0.1252, 0.1250],
        [0.1249, 0.1251, 0.1249, 0.1251, 0.1251, 0.1249, 0.1250, 0.1248],
        [0.1251, 0.1249, 0.1249, 0.1251, 0.1249, 0.1251, 0.1250, 0.1249]],
       device='cuda:0', grad_fn=<SoftmaxBackward>)
tensor([[0.1250, 0.1248, 0.1253, 0.1250, 0.1251, 0.1249, 0.1251, 0.1249],
        [0.1251, 0.1249, 0.1250, 0.1251, 0.1250, 0.1247, 0.1252, 0.1250],
        [0.1249, 0.1251, 0.1249, 0.1251, 0.1251, 0.1249, 0.1250, 0.1248],
        [0.1251, 0.1249, 0.1249, 0.1251, 0.1249, 0.1251, 0.1250, 0.1249]],
       device='cuda:0', grad_fn=<SoftmaxBackward>)
tensor([[0.1250, 0.1248, 0.1253, 0.1250, 0.1251, 0.1249, 0.1251, 0.1249],
        [0.1251, 0.1249, 0.1250, 0.1251, 0.1250, 0.1247, 0.1252, 0.1250],
        [0.1249, 0.1251, 0.1249, 0.1251, 0.1251, 0.1249, 0.1250, 0.1248],
        [0.1251, 0.1249, 0.1249, 0.1251, 0.1249, 0.1251, 0.1250, 0.1249]],
       device='cuda:0', grad_fn=<SoftmaxBackward>)
tensor([[0.1250, 0.1248, 0.1253, 0.1250, 0.1251, 0.1249, 0.1251, 0.1249],
        [0.1251, 0.1249, 0.1250, 0.1251, 0.1250, 0.1247, 0.1252, 0.1250],
        [0.1249, 0.1251, 0.1249, 0.1251, 0.1251, 0.1249, 0.1250, 0.1248],
        [0.1251, 0.1249, 0.1249, 0.1251, 0.1249, 0.1251, 0.1250, 0.1249]],
       device='cuda:0', grad_fn=<SoftmaxBackward>)
tensor([[0.1250, 0.1248, 0.1253, 0.1250, 0.1251, 0.1249, 0.1251, 0.1249],
        [0.1251, 0.1249, 0.1250, 0.1251, 0.1250, 0.1247, 0.1252, 0.1250],
        [0.1249, 0.1251, 0.1249, 0.1251, 0.1251, 0.1249, 0.1250, 0.1248],
        [0.1251, 0.1249, 0.1249, 0.1251, 0.1249, 0.1251, 0.1250, 0.1249]],
       device='cuda:0', grad_fn=<SoftmaxBackward>)
tensor([[0.1250, 0.1248, 0.1253, 0.1250, 0.1251, 0.1249, 0.1251, 0.1249],
        [0.1251, 0.1249, 0.1250, 0.1251, 0.1250, 0.1247, 0.1252, 0.1250],
        [0.1249, 0.1251, 0.1249, 0.1251, 0.1251, 0.1249, 0.1250, 0.1248],
        [0.1251, 0.1249, 0.1249, 0.1251, 0.1249, 0.1251, 0.1250, 0.1249]],
       device='cuda:0', grad_fn=<SoftmaxBackward>)
tensor([[0.1252, 0.1251, 0.1248, 0.1251, 0.1251, 0.1250, 0.1250, 0.1247],
        [0.1250, 0.1250, 0.1250, 0.1249, 0.1249, 0.1252, 0.1250, 0.1251],
        [0.1251, 0.1248, 0.1251, 0.1249, 0.1251, 0.1250, 0.1250, 0.1250],
        [0.1248, 0.1251, 0.1253, 0.1247, 0.1250, 0.1251, 0.1249, 0.1250],
        [0.1252, 0.1250, 0.1249, 0.1250, 0.1249, 0.1251, 0.1249, 0.1249]],
       device='cuda:0', grad_fn=<SoftmaxBackward>)
tensor([[0.1252, 0.1251, 0.1248, 0.1251, 0.1251, 0.1250, 0.1250, 0.1247],
        [0.1250, 0.1250, 0.1250, 0.1249, 0.1249, 0.1252, 0.1250, 0.1251],
        [0.1251, 0.1248, 0.1251, 0.1249, 0.1251, 0.1250, 0.1250, 0.1250],
        [0.1248, 0.1251, 0.1253, 0.1247, 0.1250, 0.1251, 0.1249, 0.1250],
        [0.1252, 0.1250, 0.1249, 0.1250, 0.1249, 0.1251, 0.1249, 0.1249]],
       device='cuda:0', grad_fn=<SoftmaxBackward>)
tensor([[0.1252, 0.1251, 0.1248, 0.1251, 0.1251, 0.1250, 0.1250, 0.1247],
        [0.1250, 0.1250, 0.1250, 0.1249, 0.1249, 0.1252, 0.1250, 0.1251],
        [0.1251, 0.1248, 0.1251, 0.1249, 0.1251, 0.1250, 0.1250, 0.1250],
        [0.1248, 0.1251, 0.1253, 0.1247, 0.1250, 0.1251, 0.1249, 0.1250],
        [0.1252, 0.1250, 0.1249, 0.1250, 0.1249, 0.1251, 0.1249, 0.1249]],
       device='cuda:0', grad_fn=<SoftmaxBackward>)
tensor([[0.1252, 0.1251, 0.1248, 0.1251, 0.1251, 0.1250, 0.1250, 0.1247],
        [0.1250, 0.1250, 0.1250, 0.1249, 0.1249, 0.1252, 0.1250, 0.1251],
        [0.1251, 0.1248, 0.1251, 0.1249, 0.1251, 0.1250, 0.1250, 0.1250],
        [0.1248, 0.1251, 0.1253, 0.1247, 0.1250, 0.1251, 0.1249, 0.1250],
        [0.1252, 0.1250, 0.1249, 0.1250, 0.1249, 0.1251, 0.1249, 0.1249]],
       device='cuda:0', grad_fn=<SoftmaxBackward>)
tensor([[0.1252, 0.1251, 0.1248, 0.1251, 0.1251, 0.1250, 0.1250, 0.1247],
        [0.1250, 0.1250, 0.1250, 0.1249, 0.1249, 0.1252, 0.1250, 0.1251],
        [0.1251, 0.1248, 0.1251, 0.1249, 0.1251, 0.1250, 0.1250, 0.1250],
        [0.1248, 0.1251, 0.1253, 0.1247, 0.1250, 0.1251, 0.1249, 0.1250],
        [0.1252, 0.1250, 0.1249, 0.1250, 0.1249, 0.1251, 0.1249, 0.1249]],
       device='cuda:0', grad_fn=<SoftmaxBackward>)
