07/31 11:23:19 PM | Logger is set 
07/31 11:23:19 PM | Logger without distribution
07/31 11:24:06 PM | Initializing dataset used 46.74059319496155 basic time unit
07/31 11:24:06 PM | The training classes labels length :  751
07/31 11:25:26 PM | batch loading time example is 79.96259999275208
####### ALPHA #######
# Alpha - normal
tensor([[0.1251, 0.1250, 0.1251, 0.1249, 0.1249, 0.1251, 0.1251, 0.1248],
        [0.1251, 0.1250, 0.1250, 0.1249, 0.1250, 0.1250, 0.1251, 0.1250]],
       device='cuda:0', grad_fn=<SoftmaxBackward>)
tensor([[0.1248, 0.1251, 0.1250, 0.1249, 0.1253, 0.1250, 0.1248, 0.1251],
        [0.1251, 0.1249, 0.1249, 0.1251, 0.1250, 0.1249, 0.1250, 0.1252],
        [0.1248, 0.1250, 0.1251, 0.1252, 0.1248, 0.1251, 0.1248, 0.1252]],
       device='cuda:0', grad_fn=<SoftmaxBackward>)
tensor([[0.1250, 0.1248, 0.1253, 0.1250, 0.1251, 0.1249, 0.1251, 0.1249],
        [0.1251, 0.1249, 0.1250, 0.1251, 0.1250, 0.1247, 0.1252, 0.1250],
        [0.1249, 0.1251, 0.1249, 0.1251, 0.1251, 0.1249, 0.1250, 0.1248],
        [0.1251, 0.1249, 0.1249, 0.1251, 0.1249, 0.1251, 0.1250, 0.1249]],
       device='cuda:0', grad_fn=<SoftmaxBackward>)
tensor([[0.1252, 0.1251, 0.1248, 0.1251, 0.1251, 0.1250, 0.1250, 0.1247],
        [0.1250, 0.1250, 0.1250, 0.1249, 0.1249, 0.1252, 0.1250, 0.1251],
        [0.1251, 0.1248, 0.1251, 0.1249, 0.1251, 0.1250, 0.1250, 0.1250],
        [0.1248, 0.1251, 0.1253, 0.1247, 0.1250, 0.1251, 0.1249, 0.1250],
        [0.1252, 0.1250, 0.1249, 0.1250, 0.1249, 0.1251, 0.1249, 0.1249]],
       device='cuda:0', grad_fn=<SoftmaxBackward>)

# Alpha - reduce
tensor([[0.1247, 0.1250, 0.1251, 0.1252, 0.1252, 0.1250, 0.1248, 0.1250],
        [0.1250, 0.1250, 0.1252, 0.1249, 0.1249, 0.1250, 0.1252, 0.1249]],
       device='cuda:0', grad_fn=<SoftmaxBackward>)
tensor([[0.1250, 0.1251, 0.1249, 0.1250, 0.1248, 0.1249, 0.1251, 0.1252],
        [0.1250, 0.1250, 0.1251, 0.1251, 0.1249, 0.1250, 0.1246, 0.1252],
        [0.1250, 0.1249, 0.1251, 0.1251, 0.1249, 0.1249, 0.1253, 0.1248]],
       device='cuda:0', grad_fn=<SoftmaxBackward>)
tensor([[0.1251, 0.1249, 0.1250, 0.1250, 0.1250, 0.1249, 0.1250, 0.1252],
        [0.1249, 0.1249, 0.1249, 0.1250, 0.1250, 0.1251, 0.1251, 0.1249],
        [0.1249, 0.1252, 0.1250, 0.1250, 0.1251, 0.1249, 0.1250, 0.1249],
        [0.1251, 0.1249, 0.1249, 0.1250, 0.1250, 0.1250, 0.1251, 0.1251]],
       device='cuda:0', grad_fn=<SoftmaxBackward>)
tensor([[0.1250, 0.1250, 0.1251, 0.1250, 0.1250, 0.1249, 0.1250, 0.1249],
        [0.1251, 0.1249, 0.1249, 0.1250, 0.1248, 0.1251, 0.1251, 0.1251],
        [0.1249, 0.1249, 0.1252, 0.1250, 0.1251, 0.1248, 0.1252, 0.1250],
        [0.1248, 0.1249, 0.1251, 0.1251, 0.1249, 0.1251, 0.1251, 0.1250],
        [0.1251, 0.1250, 0.1252, 0.1252, 0.1249, 0.1248, 0.1249, 0.1249]],
       device='cuda:0', grad_fn=<SoftmaxBackward>)
#####################
07/31 11:35:03 PM | Logger is set 
07/31 11:35:03 PM | Logger is set 
07/31 11:35:03 PM | Logger without distribution
07/31 11:35:03 PM | Logger without distribution
07/31 11:35:27 PM | Initializing dataset used 23.17797541618347 basic time unit
07/31 11:35:27 PM | Initializing dataset used 23.178180932998657 basic time unit
07/31 11:35:27 PM | The training classes labels length :  751
07/31 11:35:27 PM | The training classes labels length :  751
07/31 11:36:39 PM | batch loading time example is 72.58172059059143
07/31 11:36:39 PM | batch loading time example is 72.58304738998413
####### ALPHA #######
# Alpha - normal
####### ALPHA #######
# Alpha - normal
tensor([[0.1251, 0.1250, 0.1251, 0.1249, 0.1249, 0.1251, 0.1251, 0.1248],
        [0.1251, 0.1250, 0.1250, 0.1249, 0.1250, 0.1250, 0.1251, 0.1250]],
       device='cuda:0', grad_fn=<SoftmaxBackward>)
tensor([[0.1251, 0.1250, 0.1251, 0.1249, 0.1249, 0.1251, 0.1251, 0.1248],
        [0.1251, 0.1250, 0.1250, 0.1249, 0.1250, 0.1250, 0.1251, 0.1250]],
       device='cuda:0', grad_fn=<SoftmaxBackward>)
tensor([[0.1248, 0.1251, 0.1250, 0.1249, 0.1253, 0.1250, 0.1248, 0.1251],
        [0.1251, 0.1249, 0.1249, 0.1251, 0.1250, 0.1249, 0.1250, 0.1252],
        [0.1248, 0.1250, 0.1251, 0.1252, 0.1248, 0.1251, 0.1248, 0.1252]],
       device='cuda:0', grad_fn=<SoftmaxBackward>)
tensor([[0.1248, 0.1251, 0.1250, 0.1249, 0.1253, 0.1250, 0.1248, 0.1251],
        [0.1251, 0.1249, 0.1249, 0.1251, 0.1250, 0.1249, 0.1250, 0.1252],
        [0.1248, 0.1250, 0.1251, 0.1252, 0.1248, 0.1251, 0.1248, 0.1252]],
       device='cuda:0', grad_fn=<SoftmaxBackward>)
tensor([[0.1250, 0.1248, 0.1253, 0.1250, 0.1251, 0.1249, 0.1251, 0.1249],
        [0.1251, 0.1249, 0.1250, 0.1251, 0.1250, 0.1247, 0.1252, 0.1250],
        [0.1249, 0.1251, 0.1249, 0.1251, 0.1251, 0.1249, 0.1250, 0.1248],
        [0.1251, 0.1249, 0.1249, 0.1251, 0.1249, 0.1251, 0.1250, 0.1249]],
       device='cuda:0', grad_fn=<SoftmaxBackward>)
tensor([[0.1250, 0.1248, 0.1253, 0.1250, 0.1251, 0.1249, 0.1251, 0.1249],
        [0.1251, 0.1249, 0.1250, 0.1251, 0.1250, 0.1247, 0.1252, 0.1250],
        [0.1249, 0.1251, 0.1249, 0.1251, 0.1251, 0.1249, 0.1250, 0.1248],
        [0.1251, 0.1249, 0.1249, 0.1251, 0.1249, 0.1251, 0.1250, 0.1249]],
       device='cuda:0', grad_fn=<SoftmaxBackward>)
tensor([[0.1252, 0.1251, 0.1248, 0.1251, 0.1251, 0.1250, 0.1250, 0.1247],
        [0.1250, 0.1250, 0.1250, 0.1249, 0.1249, 0.1252, 0.1250, 0.1251],
        [0.1251, 0.1248, 0.1251, 0.1249, 0.1251, 0.1250, 0.1250, 0.1250],
        [0.1248, 0.1251, 0.1253, 0.1247, 0.1250, 0.1251, 0.1249, 0.1250],
        [0.1252, 0.1250, 0.1249, 0.1250, 0.1249, 0.1251, 0.1249, 0.1249]],
       device='cuda:0', grad_fn=<SoftmaxBackward>)
tensor([[0.1252, 0.1251, 0.1248, 0.1251, 0.1251, 0.1250, 0.1250, 0.1247],
        [0.1250, 0.1250, 0.1250, 0.1249, 0.1249, 0.1252, 0.1250, 0.1251],
        [0.1251, 0.1248, 0.1251, 0.1249, 0.1251, 0.1250, 0.1250, 0.1250],
        [0.1248, 0.1251, 0.1253, 0.1247, 0.1250, 0.1251, 0.1249, 0.1250],
        [0.1252, 0.1250, 0.1249, 0.1250, 0.1249, 0.1251, 0.1249, 0.1249]],
       device='cuda:0', grad_fn=<SoftmaxBackward>)

# Alpha - reduce

# Alpha - reduce
tensor([[0.1247, 0.1250, 0.1251, 0.1252, 0.1252, 0.1250, 0.1248, 0.1250],
        [0.1250, 0.1250, 0.1252, 0.1249, 0.1249, 0.1250, 0.1252, 0.1249]],
       device='cuda:0', grad_fn=<SoftmaxBackward>)
tensor([[0.1247, 0.1250, 0.1251, 0.1252, 0.1252, 0.1250, 0.1248, 0.1250],
        [0.1250, 0.1250, 0.1252, 0.1249, 0.1249, 0.1250, 0.1252, 0.1249]],
       device='cuda:0', grad_fn=<SoftmaxBackward>)
tensor([[0.1250, 0.1251, 0.1249, 0.1250, 0.1248, 0.1249, 0.1251, 0.1252],
        [0.1250, 0.1250, 0.1251, 0.1251, 0.1249, 0.1250, 0.1246, 0.1252],
        [0.1250, 0.1249, 0.1251, 0.1251, 0.1249, 0.1249, 0.1253, 0.1248]],
       device='cuda:0', grad_fn=<SoftmaxBackward>)
tensor([[0.1250, 0.1251, 0.1249, 0.1250, 0.1248, 0.1249, 0.1251, 0.1252],
        [0.1250, 0.1250, 0.1251, 0.1251, 0.1249, 0.1250, 0.1246, 0.1252],
        [0.1250, 0.1249, 0.1251, 0.1251, 0.1249, 0.1249, 0.1253, 0.1248]],
       device='cuda:0', grad_fn=<SoftmaxBackward>)
tensor([[0.1251, 0.1249, 0.1250, 0.1250, 0.1250, 0.1249, 0.1250, 0.1252],
        [0.1249, 0.1249, 0.1249, 0.1250, 0.1250, 0.1251, 0.1251, 0.1249],
        [0.1249, 0.1252, 0.1250, 0.1250, 0.1251, 0.1249, 0.1250, 0.1249],
        [0.1251, 0.1249, 0.1249, 0.1250, 0.1250, 0.1250, 0.1251, 0.1251]],
       device='cuda:0', grad_fn=<SoftmaxBackward>)
tensor([[0.1251, 0.1249, 0.1250, 0.1250, 0.1250, 0.1249, 0.1250, 0.1252],
        [0.1249, 0.1249, 0.1249, 0.1250, 0.1250, 0.1251, 0.1251, 0.1249],
        [0.1249, 0.1252, 0.1250, 0.1250, 0.1251, 0.1249, 0.1250, 0.1249],
        [0.1251, 0.1249, 0.1249, 0.1250, 0.1250, 0.1250, 0.1251, 0.1251]],
       device='cuda:0', grad_fn=<SoftmaxBackward>)
tensor([[0.1250, 0.1250, 0.1251, 0.1250, 0.1250, 0.1249, 0.1250, 0.1249],
        [0.1251, 0.1249, 0.1249, 0.1250, 0.1248, 0.1251, 0.1251, 0.1251],
        [0.1249, 0.1249, 0.1252, 0.1250, 0.1251, 0.1248, 0.1252, 0.1250],
        [0.1248, 0.1249, 0.1251, 0.1251, 0.1249, 0.1251, 0.1251, 0.1250],
        [0.1251, 0.1250, 0.1252, 0.1252, 0.1249, 0.1248, 0.1249, 0.1249]],
       device='cuda:0', grad_fn=<SoftmaxBackward>)
tensor([[0.1250, 0.1250, 0.1251, 0.1250, 0.1250, 0.1249, 0.1250, 0.1249],
        [0.1251, 0.1249, 0.1249, 0.1250, 0.1248, 0.1251, 0.1251, 0.1251],
        [0.1249, 0.1249, 0.1252, 0.1250, 0.1251, 0.1248, 0.1252, 0.1250],
        [0.1248, 0.1249, 0.1251, 0.1251, 0.1249, 0.1251, 0.1251, 0.1250],
        [0.1251, 0.1250, 0.1252, 0.1252, 0.1249, 0.1248, 0.1249, 0.1249]],
       device='cuda:0', grad_fn=<SoftmaxBackward>)
#####################
#####################
07/31 11:41:24 PM | Logger is set 
07/31 11:41:24 PM | Logger without distribution
07/31 11:41:24 PM | Logger is set 
07/31 11:41:24 PM | Logger without distribution
07/31 11:41:50 PM | Initializing dataset used 25.871607065200806 basic time unit
07/31 11:41:50 PM | Initializing dataset used 25.88790988922119 basic time unit
07/31 11:41:50 PM | The training classes labels length :  751
07/31 11:41:50 PM | The training classes labels length :  751
07/31 11:42:46 PM | batch loading time example is 56.279003858566284
07/31 11:42:46 PM | batch loading time example is 56.30682849884033
####### ALPHA #######
# Alpha - normal
####### ALPHA #######
# Alpha - normal
tensor([[0.1251, 0.1250, 0.1251, 0.1249, 0.1249, 0.1251, 0.1251, 0.1248],
        [0.1251, 0.1250, 0.1250, 0.1249, 0.1250, 0.1250, 0.1251, 0.1250]],
       device='cuda:0', grad_fn=<SoftmaxBackward>)
tensor([[0.1251, 0.1250, 0.1251, 0.1249, 0.1249, 0.1251, 0.1251, 0.1248],
        [0.1251, 0.1250, 0.1250, 0.1249, 0.1250, 0.1250, 0.1251, 0.1250]],
       device='cuda:0', grad_fn=<SoftmaxBackward>)
tensor([[0.1248, 0.1251, 0.1250, 0.1249, 0.1253, 0.1250, 0.1248, 0.1251],
        [0.1251, 0.1249, 0.1249, 0.1251, 0.1250, 0.1249, 0.1250, 0.1252],
        [0.1248, 0.1250, 0.1251, 0.1252, 0.1248, 0.1251, 0.1248, 0.1252]],
       device='cuda:0', grad_fn=<SoftmaxBackward>)
tensor([[0.1248, 0.1251, 0.1250, 0.1249, 0.1253, 0.1250, 0.1248, 0.1251],
        [0.1251, 0.1249, 0.1249, 0.1251, 0.1250, 0.1249, 0.1250, 0.1252],
        [0.1248, 0.1250, 0.1251, 0.1252, 0.1248, 0.1251, 0.1248, 0.1252]],
       device='cuda:0', grad_fn=<SoftmaxBackward>)
tensor([[0.1250, 0.1248, 0.1253, 0.1250, 0.1251, 0.1249, 0.1251, 0.1249],
        [0.1251, 0.1249, 0.1250, 0.1251, 0.1250, 0.1247, 0.1252, 0.1250],
        [0.1249, 0.1251, 0.1249, 0.1251, 0.1251, 0.1249, 0.1250, 0.1248],
        [0.1251, 0.1249, 0.1249, 0.1251, 0.1249, 0.1251, 0.1250, 0.1249]],
       device='cuda:0', grad_fn=<SoftmaxBackward>)
tensor([[0.1250, 0.1248, 0.1253, 0.1250, 0.1251, 0.1249, 0.1251, 0.1249],
        [0.1251, 0.1249, 0.1250, 0.1251, 0.1250, 0.1247, 0.1252, 0.1250],
        [0.1249, 0.1251, 0.1249, 0.1251, 0.1251, 0.1249, 0.1250, 0.1248],
        [0.1251, 0.1249, 0.1249, 0.1251, 0.1249, 0.1251, 0.1250, 0.1249]],
       device='cuda:0', grad_fn=<SoftmaxBackward>)
tensor([[0.1252, 0.1251, 0.1248, 0.1251, 0.1251, 0.1250, 0.1250, 0.1247],
        [0.1250, 0.1250, 0.1250, 0.1249, 0.1249, 0.1252, 0.1250, 0.1251],
        [0.1251, 0.1248, 0.1251, 0.1249, 0.1251, 0.1250, 0.1250, 0.1250],
        [0.1248, 0.1251, 0.1253, 0.1247, 0.1250, 0.1251, 0.1249, 0.1250],
        [0.1252, 0.1250, 0.1249, 0.1250, 0.1249, 0.1251, 0.1249, 0.1249]],
       device='cuda:0', grad_fn=<SoftmaxBackward>)
tensor([[0.1252, 0.1251, 0.1248, 0.1251, 0.1251, 0.1250, 0.1250, 0.1247],
        [0.1250, 0.1250, 0.1250, 0.1249, 0.1249, 0.1252, 0.1250, 0.1251],
        [0.1251, 0.1248, 0.1251, 0.1249, 0.1251, 0.1250, 0.1250, 0.1250],
        [0.1248, 0.1251, 0.1253, 0.1247, 0.1250, 0.1251, 0.1249, 0.1250],
        [0.1252, 0.1250, 0.1249, 0.1250, 0.1249, 0.1251, 0.1249, 0.1249]],
       device='cuda:0', grad_fn=<SoftmaxBackward>)

# Alpha - reduce

# Alpha - reduce
tensor([[0.1247, 0.1250, 0.1251, 0.1252, 0.1252, 0.1250, 0.1248, 0.1250],
        [0.1250, 0.1250, 0.1252, 0.1249, 0.1249, 0.1250, 0.1252, 0.1249]],
       device='cuda:0', grad_fn=<SoftmaxBackward>)
tensor([[0.1247, 0.1250, 0.1251, 0.1252, 0.1252, 0.1250, 0.1248, 0.1250],
        [0.1250, 0.1250, 0.1252, 0.1249, 0.1249, 0.1250, 0.1252, 0.1249]],
       device='cuda:0', grad_fn=<SoftmaxBackward>)
tensor([[0.1250, 0.1251, 0.1249, 0.1250, 0.1248, 0.1249, 0.1251, 0.1252],
        [0.1250, 0.1250, 0.1251, 0.1251, 0.1249, 0.1250, 0.1246, 0.1252],
        [0.1250, 0.1249, 0.1251, 0.1251, 0.1249, 0.1249, 0.1253, 0.1248]],
       device='cuda:0', grad_fn=<SoftmaxBackward>)
tensor([[0.1250, 0.1251, 0.1249, 0.1250, 0.1248, 0.1249, 0.1251, 0.1252],
        [0.1250, 0.1250, 0.1251, 0.1251, 0.1249, 0.1250, 0.1246, 0.1252],
        [0.1250, 0.1249, 0.1251, 0.1251, 0.1249, 0.1249, 0.1253, 0.1248]],
       device='cuda:0', grad_fn=<SoftmaxBackward>)
tensor([[0.1251, 0.1249, 0.1250, 0.1250, 0.1250, 0.1249, 0.1250, 0.1252],
        [0.1249, 0.1249, 0.1249, 0.1250, 0.1250, 0.1251, 0.1251, 0.1249],
        [0.1249, 0.1252, 0.1250, 0.1250, 0.1251, 0.1249, 0.1250, 0.1249],
        [0.1251, 0.1249, 0.1249, 0.1250, 0.1250, 0.1250, 0.1251, 0.1251]],
       device='cuda:0', grad_fn=<SoftmaxBackward>)
tensor([[0.1251, 0.1249, 0.1250, 0.1250, 0.1250, 0.1249, 0.1250, 0.1252],
        [0.1249, 0.1249, 0.1249, 0.1250, 0.1250, 0.1251, 0.1251, 0.1249],
        [0.1249, 0.1252, 0.1250, 0.1250, 0.1251, 0.1249, 0.1250, 0.1249],
        [0.1251, 0.1249, 0.1249, 0.1250, 0.1250, 0.1250, 0.1251, 0.1251]],
       device='cuda:0', grad_fn=<SoftmaxBackward>)
tensor([[0.1250, 0.1250, 0.1251, 0.1250, 0.1250, 0.1249, 0.1250, 0.1249],
        [0.1251, 0.1249, 0.1249, 0.1250, 0.1248, 0.1251, 0.1251, 0.1251],
        [0.1249, 0.1249, 0.1252, 0.1250, 0.1251, 0.1248, 0.1252, 0.1250],
        [0.1248, 0.1249, 0.1251, 0.1251, 0.1249, 0.1251, 0.1251, 0.1250],
        [0.1251, 0.1250, 0.1252, 0.1252, 0.1249, 0.1248, 0.1249, 0.1249]],
       device='cuda:0', grad_fn=<SoftmaxBackward>)
tensor([[0.1250, 0.1250, 0.1251, 0.1250, 0.1250, 0.1249, 0.1250, 0.1249],
        [0.1251, 0.1249, 0.1249, 0.1250, 0.1248, 0.1251, 0.1251, 0.1251],
        [0.1249, 0.1249, 0.1252, 0.1250, 0.1251, 0.1248, 0.1252, 0.1250],
        [0.1248, 0.1249, 0.1251, 0.1251, 0.1249, 0.1251, 0.1251, 0.1250],
        [0.1251, 0.1250, 0.1252, 0.1252, 0.1249, 0.1248, 0.1249, 0.1249]],
       device='cuda:0', grad_fn=<SoftmaxBackward>)
#####################
#####################
07/31 11:48:30 PM | Logger is set 
07/31 11:48:30 PM | Logger without distribution
07/31 11:48:30 PM | Logger is set 
07/31 11:48:30 PM | Logger without distribution
07/31 11:48:56 PM | Initializing dataset used 25.446383714675903 basic time unit
07/31 11:48:56 PM | The training classes labels length :  751
07/31 11:48:56 PM | Initializing dataset used 25.462564706802368 basic time unit
07/31 11:48:56 PM | The training classes labels length :  751
07/31 11:49:56 PM | batch loading time example is 60.35570025444031
07/31 11:49:56 PM | batch loading time example is 60.35316205024719
####### ALPHA #######
# Alpha - normal
####### ALPHA #######
# Alpha - normal
tensor([[0.1251, 0.1250, 0.1251, 0.1249, 0.1249, 0.1251, 0.1251, 0.1248],
        [0.1251, 0.1250, 0.1250, 0.1249, 0.1250, 0.1250, 0.1251, 0.1250]],
       device='cuda:0', grad_fn=<SoftmaxBackward>)
tensor([[0.1251, 0.1250, 0.1251, 0.1249, 0.1249, 0.1251, 0.1251, 0.1248],
        [0.1251, 0.1250, 0.1250, 0.1249, 0.1250, 0.1250, 0.1251, 0.1250]],
       device='cuda:0', grad_fn=<SoftmaxBackward>)
tensor([[0.1248, 0.1251, 0.1250, 0.1249, 0.1253, 0.1250, 0.1248, 0.1251],
        [0.1251, 0.1249, 0.1249, 0.1251, 0.1250, 0.1249, 0.1250, 0.1252],
        [0.1248, 0.1250, 0.1251, 0.1252, 0.1248, 0.1251, 0.1248, 0.1252]],
       device='cuda:0', grad_fn=<SoftmaxBackward>)
tensor([[0.1248, 0.1251, 0.1250, 0.1249, 0.1253, 0.1250, 0.1248, 0.1251],
        [0.1251, 0.1249, 0.1249, 0.1251, 0.1250, 0.1249, 0.1250, 0.1252],
        [0.1248, 0.1250, 0.1251, 0.1252, 0.1248, 0.1251, 0.1248, 0.1252]],
       device='cuda:0', grad_fn=<SoftmaxBackward>)
tensor([[0.1250, 0.1248, 0.1253, 0.1250, 0.1251, 0.1249, 0.1251, 0.1249],
        [0.1251, 0.1249, 0.1250, 0.1251, 0.1250, 0.1247, 0.1252, 0.1250],
        [0.1249, 0.1251, 0.1249, 0.1251, 0.1251, 0.1249, 0.1250, 0.1248],
        [0.1251, 0.1249, 0.1249, 0.1251, 0.1249, 0.1251, 0.1250, 0.1249]],
       device='cuda:0', grad_fn=<SoftmaxBackward>)
tensor([[0.1250, 0.1248, 0.1253, 0.1250, 0.1251, 0.1249, 0.1251, 0.1249],
        [0.1251, 0.1249, 0.1250, 0.1251, 0.1250, 0.1247, 0.1252, 0.1250],
        [0.1249, 0.1251, 0.1249, 0.1251, 0.1251, 0.1249, 0.1250, 0.1248],
        [0.1251, 0.1249, 0.1249, 0.1251, 0.1249, 0.1251, 0.1250, 0.1249]],
       device='cuda:0', grad_fn=<SoftmaxBackward>)
tensor([[0.1252, 0.1251, 0.1248, 0.1251, 0.1251, 0.1250, 0.1250, 0.1247],
        [0.1250, 0.1250, 0.1250, 0.1249, 0.1249, 0.1252, 0.1250, 0.1251],
        [0.1251, 0.1248, 0.1251, 0.1249, 0.1251, 0.1250, 0.1250, 0.1250],
        [0.1248, 0.1251, 0.1253, 0.1247, 0.1250, 0.1251, 0.1249, 0.1250],
        [0.1252, 0.1250, 0.1249, 0.1250, 0.1249, 0.1251, 0.1249, 0.1249]],
       device='cuda:0', grad_fn=<SoftmaxBackward>)
tensor([[0.1252, 0.1251, 0.1248, 0.1251, 0.1251, 0.1250, 0.1250, 0.1247],
        [0.1250, 0.1250, 0.1250, 0.1249, 0.1249, 0.1252, 0.1250, 0.1251],
        [0.1251, 0.1248, 0.1251, 0.1249, 0.1251, 0.1250, 0.1250, 0.1250],
        [0.1248, 0.1251, 0.1253, 0.1247, 0.1250, 0.1251, 0.1249, 0.1250],
        [0.1252, 0.1250, 0.1249, 0.1250, 0.1249, 0.1251, 0.1249, 0.1249]],
       device='cuda:0', grad_fn=<SoftmaxBackward>)

# Alpha - reduce
tensor([[0.1247, 0.1250, 0.1251, 0.1252, 0.1252, 0.1250, 0.1248, 0.1250],
        [0.1250, 0.1250, 0.1252, 0.1249, 0.1249, 0.1250, 0.1252, 0.1249]],
       device='cuda:0', grad_fn=<SoftmaxBackward>)

# Alpha - reduce
tensor([[0.1250, 0.1251, 0.1249, 0.1250, 0.1248, 0.1249, 0.1251, 0.1252],
        [0.1250, 0.1250, 0.1251, 0.1251, 0.1249, 0.1250, 0.1246, 0.1252],
        [0.1250, 0.1249, 0.1251, 0.1251, 0.1249, 0.1249, 0.1253, 0.1248]],
       device='cuda:0', grad_fn=<SoftmaxBackward>)
tensor([[0.1247, 0.1250, 0.1251, 0.1252, 0.1252, 0.1250, 0.1248, 0.1250],
        [0.1250, 0.1250, 0.1252, 0.1249, 0.1249, 0.1250, 0.1252, 0.1249]],
       device='cuda:0', grad_fn=<SoftmaxBackward>)
tensor([[0.1251, 0.1249, 0.1250, 0.1250, 0.1250, 0.1249, 0.1250, 0.1252],
        [0.1249, 0.1249, 0.1249, 0.1250, 0.1250, 0.1251, 0.1251, 0.1249],
        [0.1249, 0.1252, 0.1250, 0.1250, 0.1251, 0.1249, 0.1250, 0.1249],
        [0.1251, 0.1249, 0.1249, 0.1250, 0.1250, 0.1250, 0.1251, 0.1251]],
       device='cuda:0', grad_fn=<SoftmaxBackward>)
tensor([[0.1250, 0.1251, 0.1249, 0.1250, 0.1248, 0.1249, 0.1251, 0.1252],
        [0.1250, 0.1250, 0.1251, 0.1251, 0.1249, 0.1250, 0.1246, 0.1252],
        [0.1250, 0.1249, 0.1251, 0.1251, 0.1249, 0.1249, 0.1253, 0.1248]],
       device='cuda:0', grad_fn=<SoftmaxBackward>)
tensor([[0.1250, 0.1250, 0.1251, 0.1250, 0.1250, 0.1249, 0.1250, 0.1249],
        [0.1251, 0.1249, 0.1249, 0.1250, 0.1248, 0.1251, 0.1251, 0.1251],
        [0.1249, 0.1249, 0.1252, 0.1250, 0.1251, 0.1248, 0.1252, 0.1250],
        [0.1248, 0.1249, 0.1251, 0.1251, 0.1249, 0.1251, 0.1251, 0.1250],
        [0.1251, 0.1250, 0.1252, 0.1252, 0.1249, 0.1248, 0.1249, 0.1249]],
       device='cuda:0', grad_fn=<SoftmaxBackward>)
tensor([[0.1251, 0.1249, 0.1250, 0.1250, 0.1250, 0.1249, 0.1250, 0.1252],
        [0.1249, 0.1249, 0.1249, 0.1250, 0.1250, 0.1251, 0.1251, 0.1249],
        [0.1249, 0.1252, 0.1250, 0.1250, 0.1251, 0.1249, 0.1250, 0.1249],
        [0.1251, 0.1249, 0.1249, 0.1250, 0.1250, 0.1250, 0.1251, 0.1251]],
       device='cuda:0', grad_fn=<SoftmaxBackward>)
#####################
tensor([[0.1250, 0.1250, 0.1251, 0.1250, 0.1250, 0.1249, 0.1250, 0.1249],
        [0.1251, 0.1249, 0.1249, 0.1250, 0.1248, 0.1251, 0.1251, 0.1251],
        [0.1249, 0.1249, 0.1252, 0.1250, 0.1251, 0.1248, 0.1252, 0.1250],
        [0.1248, 0.1249, 0.1251, 0.1251, 0.1249, 0.1251, 0.1251, 0.1250],
        [0.1251, 0.1250, 0.1252, 0.1252, 0.1249, 0.1248, 0.1249, 0.1249]],
       device='cuda:0', grad_fn=<SoftmaxBackward>)
#####################
08/01 10:21:26 AM | Logger is set 
08/01 10:21:26 AM | Logger without distribution
08/01 10:21:26 AM | Logger is set 
08/01 10:21:26 AM | Logger without distribution
08/01 10:23:37 AM | Initializing dataset used 130.76018261909485 basic time unit
08/01 10:23:37 AM | Initializing dataset used 130.7912368774414 basic time unit
08/01 10:23:37 AM | The training classes labels length :  751
08/01 10:23:37 AM | The training classes labels length :  751
08/01 10:25:59 AM | batch loading time example is 142.4091033935547
08/01 10:25:59 AM | batch loading time example is 142.40975522994995
####### ALPHA #######
# Alpha - normal
####### ALPHA #######
# Alpha - normal
tensor([[0.1251, 0.1250, 0.1251, 0.1249, 0.1249, 0.1251, 0.1251, 0.1248],
        [0.1251, 0.1250, 0.1250, 0.1249, 0.1250, 0.1250, 0.1251, 0.1250]],
       device='cuda:0', grad_fn=<SoftmaxBackward>)
tensor([[0.1251, 0.1250, 0.1251, 0.1249, 0.1249, 0.1251, 0.1251, 0.1248],
        [0.1251, 0.1250, 0.1250, 0.1249, 0.1250, 0.1250, 0.1251, 0.1250]],
       device='cuda:0', grad_fn=<SoftmaxBackward>)
tensor([[0.1248, 0.1251, 0.1250, 0.1249, 0.1253, 0.1250, 0.1248, 0.1251],
        [0.1251, 0.1249, 0.1249, 0.1251, 0.1250, 0.1249, 0.1250, 0.1252],
        [0.1248, 0.1250, 0.1251, 0.1252, 0.1248, 0.1251, 0.1248, 0.1252]],
       device='cuda:0', grad_fn=<SoftmaxBackward>)
tensor([[0.1248, 0.1251, 0.1250, 0.1249, 0.1253, 0.1250, 0.1248, 0.1251],
        [0.1251, 0.1249, 0.1249, 0.1251, 0.1250, 0.1249, 0.1250, 0.1252],
        [0.1248, 0.1250, 0.1251, 0.1252, 0.1248, 0.1251, 0.1248, 0.1252]],
       device='cuda:0', grad_fn=<SoftmaxBackward>)
tensor([[0.1250, 0.1248, 0.1253, 0.1250, 0.1251, 0.1249, 0.1251, 0.1249],
        [0.1251, 0.1249, 0.1250, 0.1251, 0.1250, 0.1247, 0.1252, 0.1250],
        [0.1249, 0.1251, 0.1249, 0.1251, 0.1251, 0.1249, 0.1250, 0.1248],
        [0.1251, 0.1249, 0.1249, 0.1251, 0.1249, 0.1251, 0.1250, 0.1249]],
       device='cuda:0', grad_fn=<SoftmaxBackward>)
tensor([[0.1250, 0.1248, 0.1253, 0.1250, 0.1251, 0.1249, 0.1251, 0.1249],
        [0.1251, 0.1249, 0.1250, 0.1251, 0.1250, 0.1247, 0.1252, 0.1250],
        [0.1249, 0.1251, 0.1249, 0.1251, 0.1251, 0.1249, 0.1250, 0.1248],
        [0.1251, 0.1249, 0.1249, 0.1251, 0.1249, 0.1251, 0.1250, 0.1249]],
       device='cuda:0', grad_fn=<SoftmaxBackward>)
tensor([[0.1252, 0.1251, 0.1248, 0.1251, 0.1251, 0.1250, 0.1250, 0.1247],
        [0.1250, 0.1250, 0.1250, 0.1249, 0.1249, 0.1252, 0.1250, 0.1251],
        [0.1251, 0.1248, 0.1251, 0.1249, 0.1251, 0.1250, 0.1250, 0.1250],
        [0.1248, 0.1251, 0.1253, 0.1247, 0.1250, 0.1251, 0.1249, 0.1250],
        [0.1252, 0.1250, 0.1249, 0.1250, 0.1249, 0.1251, 0.1249, 0.1249]],
       device='cuda:0', grad_fn=<SoftmaxBackward>)
tensor([[0.1252, 0.1251, 0.1248, 0.1251, 0.1251, 0.1250, 0.1250, 0.1247],
        [0.1250, 0.1250, 0.1250, 0.1249, 0.1249, 0.1252, 0.1250, 0.1251],
        [0.1251, 0.1248, 0.1251, 0.1249, 0.1251, 0.1250, 0.1250, 0.1250],
        [0.1248, 0.1251, 0.1253, 0.1247, 0.1250, 0.1251, 0.1249, 0.1250],
        [0.1252, 0.1250, 0.1249, 0.1250, 0.1249, 0.1251, 0.1249, 0.1249]],
       device='cuda:0', grad_fn=<SoftmaxBackward>)

# Alpha - reduce

# Alpha - reduce
tensor([[0.1247, 0.1250, 0.1251, 0.1252, 0.1252, 0.1250, 0.1248, 0.1250],
        [0.1250, 0.1250, 0.1252, 0.1249, 0.1249, 0.1250, 0.1252, 0.1249]],
       device='cuda:0', grad_fn=<SoftmaxBackward>)
tensor([[0.1247, 0.1250, 0.1251, 0.1252, 0.1252, 0.1250, 0.1248, 0.1250],
        [0.1250, 0.1250, 0.1252, 0.1249, 0.1249, 0.1250, 0.1252, 0.1249]],
       device='cuda:0', grad_fn=<SoftmaxBackward>)
tensor([[0.1250, 0.1251, 0.1249, 0.1250, 0.1248, 0.1249, 0.1251, 0.1252],
        [0.1250, 0.1250, 0.1251, 0.1251, 0.1249, 0.1250, 0.1246, 0.1252],
        [0.1250, 0.1249, 0.1251, 0.1251, 0.1249, 0.1249, 0.1253, 0.1248]],
       device='cuda:0', grad_fn=<SoftmaxBackward>)
tensor([[0.1250, 0.1251, 0.1249, 0.1250, 0.1248, 0.1249, 0.1251, 0.1252],
        [0.1250, 0.1250, 0.1251, 0.1251, 0.1249, 0.1250, 0.1246, 0.1252],
        [0.1250, 0.1249, 0.1251, 0.1251, 0.1249, 0.1249, 0.1253, 0.1248]],
       device='cuda:0', grad_fn=<SoftmaxBackward>)
tensor([[0.1251, 0.1249, 0.1250, 0.1250, 0.1250, 0.1249, 0.1250, 0.1252],
        [0.1249, 0.1249, 0.1249, 0.1250, 0.1250, 0.1251, 0.1251, 0.1249],
        [0.1249, 0.1252, 0.1250, 0.1250, 0.1251, 0.1249, 0.1250, 0.1249],
        [0.1251, 0.1249, 0.1249, 0.1250, 0.1250, 0.1250, 0.1251, 0.1251]],
       device='cuda:0', grad_fn=<SoftmaxBackward>)
tensor([[0.1251, 0.1249, 0.1250, 0.1250, 0.1250, 0.1249, 0.1250, 0.1252],
        [0.1249, 0.1249, 0.1249, 0.1250, 0.1250, 0.1251, 0.1251, 0.1249],
        [0.1249, 0.1252, 0.1250, 0.1250, 0.1251, 0.1249, 0.1250, 0.1249],
        [0.1251, 0.1249, 0.1249, 0.1250, 0.1250, 0.1250, 0.1251, 0.1251]],
       device='cuda:0', grad_fn=<SoftmaxBackward>)
tensor([[0.1250, 0.1250, 0.1251, 0.1250, 0.1250, 0.1249, 0.1250, 0.1249],
        [0.1251, 0.1249, 0.1249, 0.1250, 0.1248, 0.1251, 0.1251, 0.1251],
        [0.1249, 0.1249, 0.1252, 0.1250, 0.1251, 0.1248, 0.1252, 0.1250],
        [0.1248, 0.1249, 0.1251, 0.1251, 0.1249, 0.1251, 0.1251, 0.1250],
        [0.1251, 0.1250, 0.1252, 0.1252, 0.1249, 0.1248, 0.1249, 0.1249]],
       device='cuda:0', grad_fn=<SoftmaxBackward>)
tensor([[0.1250, 0.1250, 0.1251, 0.1250, 0.1250, 0.1249, 0.1250, 0.1249],
        [0.1251, 0.1249, 0.1249, 0.1250, 0.1248, 0.1251, 0.1251, 0.1251],
        [0.1249, 0.1249, 0.1252, 0.1250, 0.1251, 0.1248, 0.1252, 0.1250],
        [0.1248, 0.1249, 0.1251, 0.1251, 0.1249, 0.1251, 0.1251, 0.1250],
        [0.1251, 0.1250, 0.1252, 0.1252, 0.1249, 0.1248, 0.1249, 0.1249]],
       device='cuda:0', grad_fn=<SoftmaxBackward>)
#####################
#####################
08/01 10:29:51 AM | Train: [ 1/200] Step 000/6467 Loss 6.567 Prec@(1,5) (0.0%, 0.0%)
08/01 10:30:10 AM | Train: [ 1/200] Step 010/6467 Loss 6.623 Prec@(1,5) (4.5%, 4.5%)
08/01 10:30:31 AM | Train: [ 1/200] Step 020/6467 Loss 6.695 Prec@(1,5) (2.4%, 7.1%)
08/01 10:30:49 AM | Train: [ 1/200] Step 030/6467 Loss 6.700 Prec@(1,5) (1.6%, 4.8%)
08/01 10:31:06 AM | Train: [ 1/200] Step 040/6467 Loss 6.731 Prec@(1,5) (1.2%, 3.7%)
08/01 10:31:24 AM | Train: [ 1/200] Step 050/6467 Loss 6.725 Prec@(1,5) (1.0%, 2.9%)
08/01 10:31:41 AM | Train: [ 1/200] Step 060/6467 Loss 6.676 Prec@(1,5) (0.8%, 2.5%)
08/01 10:31:59 AM | Train: [ 1/200] Step 070/6467 Loss 6.708 Prec@(1,5) (0.7%, 2.1%)
08/01 10:32:18 AM | Train: [ 1/200] Step 080/6467 Loss 6.710 Prec@(1,5) (0.6%, 1.9%)
08/01 10:32:36 AM | Train: [ 1/200] Step 090/6467 Loss 6.715 Prec@(1,5) (0.5%, 1.6%)
08/01 10:32:53 AM | Train: [ 1/200] Step 100/6467 Loss 6.710 Prec@(1,5) (0.5%, 1.5%)
08/01 10:35:44 AM | Logger is set 
08/01 10:35:44 AM | Logger is set 
08/01 10:35:44 AM | Logger without distribution
08/01 10:35:44 AM | Logger without distribution
08/01 10:36:39 AM | Initializing dataset used 55.01461863517761 basic time unit
08/01 10:36:39 AM | The training classes labels length :  751
08/01 10:36:44 AM | Initializing dataset used 60.16706943511963 basic time unit
08/01 10:36:44 AM | The training classes labels length :  751
08/01 10:38:38 AM | batch loading time example is 118.65790629386902
08/01 10:38:38 AM | batch loading time example is 113.50479340553284
####### ALPHA #######
# Alpha - normal
####### ALPHA #######
# Alpha - normal
tensor([[0.1249, 0.1248, 0.1250, 0.1251, 0.1250, 0.1251, 0.1251, 0.1251],
        [0.1249, 0.1250, 0.1247, 0.1250, 0.1252, 0.1251, 0.1250, 0.1251]],
       device='cuda:0', grad_fn=<SoftmaxBackward>)
tensor([[0.1249, 0.1248, 0.1250, 0.1251, 0.1250, 0.1251, 0.1251, 0.1251],
        [0.1249, 0.1250, 0.1247, 0.1250, 0.1252, 0.1251, 0.1250, 0.1251]],
       device='cuda:0', grad_fn=<SoftmaxBackward>)
tensor([[0.1250, 0.1249, 0.1250, 0.1250, 0.1250, 0.1250, 0.1250, 0.1251],
        [0.1251, 0.1250, 0.1248, 0.1249, 0.1251, 0.1252, 0.1251, 0.1249],
        [0.1252, 0.1250, 0.1251, 0.1251, 0.1250, 0.1246, 0.1250, 0.1250]],
       device='cuda:0', grad_fn=<SoftmaxBackward>)
tensor([[0.1250, 0.1249, 0.1250, 0.1250, 0.1250, 0.1250, 0.1250, 0.1251],
        [0.1251, 0.1250, 0.1248, 0.1249, 0.1251, 0.1252, 0.1251, 0.1249],
        [0.1252, 0.1250, 0.1251, 0.1251, 0.1250, 0.1246, 0.1250, 0.1250]],
       device='cuda:0', grad_fn=<SoftmaxBackward>)
tensor([[0.1252, 0.1249, 0.1250, 0.1249, 0.1251, 0.1250, 0.1249, 0.1249],
        [0.1248, 0.1249, 0.1251, 0.1252, 0.1250, 0.1248, 0.1250, 0.1252],
        [0.1250, 0.1250, 0.1250, 0.1250, 0.1250, 0.1251, 0.1250, 0.1251],
        [0.1250, 0.1249, 0.1251, 0.1250, 0.1249, 0.1251, 0.1250, 0.1249]],
       device='cuda:0', grad_fn=<SoftmaxBackward>)
tensor([[0.1252, 0.1249, 0.1250, 0.1249, 0.1251, 0.1250, 0.1249, 0.1249],
        [0.1248, 0.1249, 0.1251, 0.1252, 0.1250, 0.1248, 0.1250, 0.1252],
        [0.1250, 0.1250, 0.1250, 0.1250, 0.1250, 0.1251, 0.1250, 0.1251],
        [0.1250, 0.1249, 0.1251, 0.1250, 0.1249, 0.1251, 0.1250, 0.1249]],
       device='cuda:0', grad_fn=<SoftmaxBackward>)
tensor([[0.1250, 0.1248, 0.1250, 0.1248, 0.1251, 0.1251, 0.1249, 0.1252],
        [0.1250, 0.1251, 0.1251, 0.1250, 0.1251, 0.1249, 0.1251, 0.1248],
        [0.1248, 0.1250, 0.1250, 0.1251, 0.1249, 0.1251, 0.1252, 0.1249],
        [0.1249, 0.1250, 0.1251, 0.1249, 0.1250, 0.1250, 0.1251, 0.1250],
        [0.1251, 0.1251, 0.1250, 0.1249, 0.1250, 0.1252, 0.1249, 0.1249]],
       device='cuda:0', grad_fn=<SoftmaxBackward>)
tensor([[0.1250, 0.1248, 0.1250, 0.1248, 0.1251, 0.1251, 0.1249, 0.1252],
        [0.1250, 0.1251, 0.1251, 0.1250, 0.1251, 0.1249, 0.1251, 0.1248],
        [0.1248, 0.1250, 0.1250, 0.1251, 0.1249, 0.1251, 0.1252, 0.1249],
        [0.1249, 0.1250, 0.1251, 0.1249, 0.1250, 0.1250, 0.1251, 0.1250],
        [0.1251, 0.1251, 0.1250, 0.1249, 0.1250, 0.1252, 0.1249, 0.1249]],
       device='cuda:0', grad_fn=<SoftmaxBackward>)

# Alpha - reduce

# Alpha - reduce
tensor([[0.1252, 0.1252, 0.1248, 0.1250, 0.1251, 0.1248, 0.1250, 0.1249],
        [0.1251, 0.1251, 0.1251, 0.1250, 0.1250, 0.1249, 0.1250, 0.1249]],
       device='cuda:0', grad_fn=<SoftmaxBackward>)
tensor([[0.1252, 0.1252, 0.1248, 0.1250, 0.1251, 0.1248, 0.1250, 0.1249],
        [0.1251, 0.1251, 0.1251, 0.1250, 0.1250, 0.1249, 0.1250, 0.1249]],
       device='cuda:0', grad_fn=<SoftmaxBackward>)
tensor([[0.1250, 0.1251, 0.1249, 0.1251, 0.1250, 0.1249, 0.1250, 0.1250],
        [0.1251, 0.1251, 0.1249, 0.1252, 0.1250, 0.1250, 0.1248, 0.1249],
        [0.1250, 0.1249, 0.1250, 0.1251, 0.1248, 0.1251, 0.1251, 0.1250]],
       device='cuda:0', grad_fn=<SoftmaxBackward>)
tensor([[0.1250, 0.1251, 0.1249, 0.1251, 0.1250, 0.1249, 0.1250, 0.1250],
        [0.1251, 0.1251, 0.1249, 0.1252, 0.1250, 0.1250, 0.1248, 0.1249],
        [0.1250, 0.1249, 0.1250, 0.1251, 0.1248, 0.1251, 0.1251, 0.1250]],
       device='cuda:0', grad_fn=<SoftmaxBackward>)
tensor([[0.1251, 0.1251, 0.1249, 0.1250, 0.1249, 0.1250, 0.1251, 0.1250],
        [0.1251, 0.1249, 0.1250, 0.1250, 0.1250, 0.1250, 0.1250, 0.1250],
        [0.1251, 0.1249, 0.1250, 0.1252, 0.1251, 0.1247, 0.1251, 0.1249],
        [0.1250, 0.1251, 0.1251, 0.1251, 0.1248, 0.1250, 0.1251, 0.1248]],
       device='cuda:0', grad_fn=<SoftmaxBackward>)
tensor([[0.1251, 0.1251, 0.1249, 0.1250, 0.1249, 0.1250, 0.1251, 0.1250],
        [0.1251, 0.1249, 0.1250, 0.1250, 0.1250, 0.1250, 0.1250, 0.1250],
        [0.1251, 0.1249, 0.1250, 0.1252, 0.1251, 0.1247, 0.1251, 0.1249],
        [0.1250, 0.1251, 0.1251, 0.1251, 0.1248, 0.1250, 0.1251, 0.1248]],
       device='cuda:0', grad_fn=<SoftmaxBackward>)
tensor([[0.1249, 0.1251, 0.1249, 0.1251, 0.1248, 0.1251, 0.1252, 0.1250],
        [0.1249, 0.1251, 0.1250, 0.1250, 0.1248, 0.1251, 0.1252, 0.1250],
        [0.1251, 0.1251, 0.1250, 0.1252, 0.1250, 0.1248, 0.1250, 0.1248],
        [0.1253, 0.1251, 0.1250, 0.1249, 0.1250, 0.1249, 0.1248, 0.1249],
        [0.1251, 0.1250, 0.1252, 0.1250, 0.1250, 0.1251, 0.1248, 0.1249]],
       device='cuda:0', grad_fn=<SoftmaxBackward>)
tensor([[0.1249, 0.1251, 0.1249, 0.1251, 0.1248, 0.1251, 0.1252, 0.1250],
        [0.1249, 0.1251, 0.1250, 0.1250, 0.1248, 0.1251, 0.1252, 0.1250],
        [0.1251, 0.1251, 0.1250, 0.1252, 0.1250, 0.1248, 0.1250, 0.1248],
        [0.1253, 0.1251, 0.1250, 0.1249, 0.1250, 0.1249, 0.1248, 0.1249],
        [0.1251, 0.1250, 0.1252, 0.1250, 0.1250, 0.1251, 0.1248, 0.1249]],
       device='cuda:0', grad_fn=<SoftmaxBackward>)
#####################
#####################
08/01 10:45:55 AM | Logger is set 
08/01 10:45:55 AM | Logger without distribution
08/01 10:46:40 AM | Initializing dataset used 44.43269371986389 basic time unit
08/01 10:46:40 AM | The training classes labels length :  751
08/01 10:48:56 AM | batch loading time example is 135.94510436058044
####### ALPHA #######
# Alpha - normal
tensor([[0.1249, 0.1248, 0.1250, 0.1251, 0.1250, 0.1251, 0.1251, 0.1251],
        [0.1249, 0.1250, 0.1247, 0.1250, 0.1252, 0.1251, 0.1250, 0.1251]],
       device='cuda:0', grad_fn=<SoftmaxBackward>)
tensor([[0.1250, 0.1249, 0.1250, 0.1250, 0.1250, 0.1250, 0.1250, 0.1251],
        [0.1251, 0.1250, 0.1248, 0.1249, 0.1251, 0.1252, 0.1251, 0.1249],
        [0.1252, 0.1250, 0.1251, 0.1251, 0.1250, 0.1246, 0.1250, 0.1250]],
       device='cuda:0', grad_fn=<SoftmaxBackward>)
tensor([[0.1252, 0.1249, 0.1250, 0.1249, 0.1251, 0.1250, 0.1249, 0.1249],
        [0.1248, 0.1249, 0.1251, 0.1252, 0.1250, 0.1248, 0.1250, 0.1252],
        [0.1250, 0.1250, 0.1250, 0.1250, 0.1250, 0.1251, 0.1250, 0.1251],
        [0.1250, 0.1249, 0.1251, 0.1250, 0.1249, 0.1251, 0.1250, 0.1249]],
       device='cuda:0', grad_fn=<SoftmaxBackward>)
tensor([[0.1250, 0.1248, 0.1250, 0.1248, 0.1251, 0.1251, 0.1249, 0.1252],
        [0.1250, 0.1251, 0.1251, 0.1250, 0.1251, 0.1249, 0.1251, 0.1248],
        [0.1248, 0.1250, 0.1250, 0.1251, 0.1249, 0.1251, 0.1252, 0.1249],
        [0.1249, 0.1250, 0.1251, 0.1249, 0.1250, 0.1250, 0.1251, 0.1250],
        [0.1251, 0.1251, 0.1250, 0.1249, 0.1250, 0.1252, 0.1249, 0.1249]],
       device='cuda:0', grad_fn=<SoftmaxBackward>)

# Alpha - reduce
tensor([[0.1252, 0.1252, 0.1248, 0.1250, 0.1251, 0.1248, 0.1250, 0.1249],
        [0.1251, 0.1251, 0.1251, 0.1250, 0.1250, 0.1249, 0.1250, 0.1249]],
       device='cuda:0', grad_fn=<SoftmaxBackward>)
tensor([[0.1250, 0.1251, 0.1249, 0.1251, 0.1250, 0.1249, 0.1250, 0.1250],
        [0.1251, 0.1251, 0.1249, 0.1252, 0.1250, 0.1250, 0.1248, 0.1249],
        [0.1250, 0.1249, 0.1250, 0.1251, 0.1248, 0.1251, 0.1251, 0.1250]],
       device='cuda:0', grad_fn=<SoftmaxBackward>)
tensor([[0.1251, 0.1251, 0.1249, 0.1250, 0.1249, 0.1250, 0.1251, 0.1250],
        [0.1251, 0.1249, 0.1250, 0.1250, 0.1250, 0.1250, 0.1250, 0.1250],
        [0.1251, 0.1249, 0.1250, 0.1252, 0.1251, 0.1247, 0.1251, 0.1249],
        [0.1250, 0.1251, 0.1251, 0.1251, 0.1248, 0.1250, 0.1251, 0.1248]],
       device='cuda:0', grad_fn=<SoftmaxBackward>)
tensor([[0.1249, 0.1251, 0.1249, 0.1251, 0.1248, 0.1251, 0.1252, 0.1250],
        [0.1249, 0.1251, 0.1250, 0.1250, 0.1248, 0.1251, 0.1252, 0.1250],
        [0.1251, 0.1251, 0.1250, 0.1252, 0.1250, 0.1248, 0.1250, 0.1248],
        [0.1253, 0.1251, 0.1250, 0.1249, 0.1250, 0.1249, 0.1248, 0.1249],
        [0.1251, 0.1250, 0.1252, 0.1250, 0.1250, 0.1251, 0.1248, 0.1249]],
       device='cuda:0', grad_fn=<SoftmaxBackward>)
#####################
08/01 10:53:22 AM | Train: [ 1/200] Step 000/6092 Loss 6.589 Prec@(1,5) (0.0%, 0.0%)
08/01 10:53:39 AM | Train: [ 1/200] Step 010/6092 Loss 6.646 Prec@(1,5) (0.0%, 0.0%)
08/01 10:53:55 AM | Train: [ 1/200] Step 020/6092 Loss 6.616 Prec@(1,5) (0.0%, 2.4%)
08/01 10:54:11 AM | Train: [ 1/200] Step 030/6092 Loss 6.835 Prec@(1,5) (0.0%, 1.6%)
08/01 10:54:28 AM | Train: [ 1/200] Step 040/6092 Loss 6.833 Prec@(1,5) (0.0%, 1.2%)
08/01 10:54:44 AM | Train: [ 1/200] Step 050/6092 Loss 6.806 Prec@(1,5) (0.0%, 1.0%)
08/01 10:55:00 AM | Train: [ 1/200] Step 060/6092 Loss 6.787 Prec@(1,5) (0.0%, 1.6%)
08/01 10:55:19 AM | Train: [ 1/200] Step 070/6092 Loss 6.798 Prec@(1,5) (0.0%, 1.4%)
08/01 10:55:35 AM | Train: [ 1/200] Step 080/6092 Loss 6.798 Prec@(1,5) (0.0%, 1.2%)
08/01 10:55:51 AM | Train: [ 1/200] Step 090/6092 Loss 6.793 Prec@(1,5) (0.0%, 1.1%)
08/01 10:56:08 AM | Train: [ 1/200] Step 100/6092 Loss 6.797 Prec@(1,5) (0.0%, 1.0%)
08/01 10:56:25 AM | Train: [ 1/200] Step 110/6092 Loss 6.791 Prec@(1,5) (0.0%, 0.9%)
08/01 10:56:42 AM | Train: [ 1/200] Step 120/6092 Loss 6.766 Prec@(1,5) (0.4%, 1.7%)
08/01 10:56:59 AM | Train: [ 1/200] Step 130/6092 Loss 6.783 Prec@(1,5) (0.4%, 1.5%)
08/01 10:57:15 AM | Train: [ 1/200] Step 140/6092 Loss 6.777 Prec@(1,5) (0.4%, 1.4%)
08/01 10:57:32 AM | Train: [ 1/200] Step 150/6092 Loss 6.782 Prec@(1,5) (0.3%, 1.3%)
08/01 10:57:49 AM | Train: [ 1/200] Step 160/6092 Loss 6.777 Prec@(1,5) (0.3%, 1.2%)
08/01 10:58:05 AM | Train: [ 1/200] Step 170/6092 Loss 6.776 Prec@(1,5) (0.3%, 1.2%)
08/01 10:58:22 AM | Train: [ 1/200] Step 180/6092 Loss 6.767 Prec@(1,5) (0.3%, 1.1%)
08/01 10:58:40 AM | Train: [ 1/200] Step 190/6092 Loss 6.754 Prec@(1,5) (0.3%, 1.3%)
08/01 10:58:56 AM | Train: [ 1/200] Step 200/6092 Loss 6.752 Prec@(1,5) (0.2%, 1.2%)
08/01 10:59:13 AM | Train: [ 1/200] Step 210/6092 Loss 6.756 Prec@(1,5) (0.2%, 1.2%)
08/01 10:59:29 AM | Train: [ 1/200] Step 220/6092 Loss 6.753 Prec@(1,5) (0.2%, 1.1%)
08/01 10:59:46 AM | Train: [ 1/200] Step 230/6092 Loss 6.752 Prec@(1,5) (0.2%, 1.1%)
08/01 11:00:02 AM | Train: [ 1/200] Step 240/6092 Loss 6.749 Prec@(1,5) (0.2%, 1.0%)
08/01 11:00:20 AM | Train: [ 1/200] Step 250/6092 Loss 6.744 Prec@(1,5) (0.2%, 1.0%)
08/01 11:00:36 AM | Train: [ 1/200] Step 260/6092 Loss 6.748 Prec@(1,5) (0.2%, 1.0%)
08/01 11:00:53 AM | Train: [ 1/200] Step 270/6092 Loss 6.744 Prec@(1,5) (0.2%, 0.9%)
08/01 11:01:09 AM | Train: [ 1/200] Step 280/6092 Loss 6.745 Prec@(1,5) (0.2%, 0.9%)
08/01 11:01:26 AM | Train: [ 1/200] Step 290/6092 Loss 6.739 Prec@(1,5) (0.2%, 0.9%)
08/01 11:01:42 AM | Train: [ 1/200] Step 300/6092 Loss 6.734 Prec@(1,5) (0.2%, 0.8%)
08/01 11:01:58 AM | Train: [ 1/200] Step 310/6092 Loss 6.727 Prec@(1,5) (0.2%, 0.8%)
08/01 11:02:15 AM | Train: [ 1/200] Step 320/6092 Loss 6.725 Prec@(1,5) (0.2%, 0.8%)
08/01 11:02:31 AM | Train: [ 1/200] Step 330/6092 Loss 6.717 Prec@(1,5) (0.3%, 0.9%)
08/01 11:02:48 AM | Train: [ 1/200] Step 340/6092 Loss 6.715 Prec@(1,5) (0.3%, 0.9%)
08/01 11:03:04 AM | Train: [ 1/200] Step 350/6092 Loss 6.711 Prec@(1,5) (0.3%, 0.9%)
08/01 11:03:21 AM | Train: [ 1/200] Step 360/6092 Loss 6.709 Prec@(1,5) (0.3%, 0.8%)
08/01 11:03:37 AM | Train: [ 1/200] Step 370/6092 Loss 6.701 Prec@(1,5) (0.3%, 0.8%)
08/01 11:03:49 AM | Train: [ 1/200] Final Prec@1 0.2660%
08/01 11:05:34 AM | Valid: [ 1/200] Step 000/375 Loss 6.037 Prec@(1,5) (0.0%, 0.0%)
08/01 11:05:36 AM | Valid: [ 1/200] Step 010/375 Loss 6.370 Prec@(1,5) (4.5%, 4.5%)
08/01 11:05:36 AM | Valid: [ 1/200] Step 020/375 Loss 6.621 Prec@(1,5) (2.4%, 2.4%)
08/01 11:05:37 AM | Valid: [ 1/200] Step 030/375 Loss 6.844 Prec@(1,5) (1.6%, 1.6%)
08/01 11:05:38 AM | Valid: [ 1/200] Step 040/375 Loss 6.846 Prec@(1,5) (1.2%, 1.2%)
08/01 11:05:39 AM | Valid: [ 1/200] Step 050/375 Loss 6.842 Prec@(1,5) (1.0%, 1.0%)
08/01 11:05:40 AM | Valid: [ 1/200] Step 060/375 Loss 6.814 Prec@(1,5) (0.8%, 1.6%)
08/01 11:05:41 AM | Valid: [ 1/200] Step 070/375 Loss 6.847 Prec@(1,5) (0.7%, 1.4%)
08/01 11:05:42 AM | Valid: [ 1/200] Step 080/375 Loss 6.818 Prec@(1,5) (0.6%, 1.2%)
08/01 11:05:42 AM | Valid: [ 1/200] Step 090/375 Loss 6.800 Prec@(1,5) (0.5%, 1.1%)
08/01 11:05:43 AM | Valid: [ 1/200] Step 100/375 Loss 6.802 Prec@(1,5) (0.5%, 1.0%)
08/01 11:05:44 AM | Valid: [ 1/200] Step 110/375 Loss 6.837 Prec@(1,5) (0.5%, 0.9%)
08/01 11:05:45 AM | Valid: [ 1/200] Step 120/375 Loss 6.831 Prec@(1,5) (0.4%, 0.8%)
08/01 11:05:46 AM | Valid: [ 1/200] Step 130/375 Loss 6.832 Prec@(1,5) (0.4%, 0.8%)
08/01 11:05:47 AM | Valid: [ 1/200] Step 140/375 Loss 6.827 Prec@(1,5) (0.4%, 0.7%)
08/01 11:05:47 AM | Valid: [ 1/200] Step 150/375 Loss 6.869 Prec@(1,5) (0.3%, 0.7%)
08/01 11:05:48 AM | Valid: [ 1/200] Step 160/375 Loss 6.864 Prec@(1,5) (0.3%, 0.6%)
